date,adj close,close,high,low,open,volume,ema_20,ema_50,ema_200,rsi_14,atr_14,trend
2024-01-16,1182.498779296875,1193.3499755859375,1212.0,1186.800048828125,1203.5999755859375,3173587,1193.3499755859375,1193.3499755859375,1193.3499755859375,,,SIDEWAYS
2024-01-17,1156.2396240234375,1166.8499755859375,1204.699951171875,1159.449951171875,1180.0,5268593,1190.826166062128,1192.310759899663,1193.0862939938977,,,DOWN
2024-01-18,1143.55615234375,1154.050048828125,1184.300048828125,1143.449951171875,1171.050048828125,5918594,1187.3236787065086,1190.810339857642,1192.6978736439896,,,DOWN
2024-01-19,1141.9705810546875,1152.449951171875,1166.800048828125,1150.0,1162.25,2732559,1184.0023713222579,1189.3060108895727,1192.2973968034712,,,DOWN
2024-01-23,1126.7601318359375,1137.0999755859375,1207.199951171875,1130.25,1199.1500244140625,7201014,1179.5354764902272,1187.2587153874695,1191.748168731655,,,DOWN
2024-01-24,1110.4102783203125,1120.5999755859375,1146.75,1118.3499755859375,1138.0,18373913,1173.9225716421997,1184.6446471599586,1191.0402265112996,,,DOWN
2024-01-25,1135.8765869140625,1146.300048828125,1155.75,1111.5999755859375,1122.1500244140625,4305042,1171.2918551837163,1183.1409374214552,1190.5950506139545,,,DOWN
2024-01-29,1185.768798828125,1196.6500244140625,1204.9000244140625,1151.0,1155.0,6768033,1173.7069189199397,1183.6707055388124,1190.655299109478,,,DOWN
2024-01-30,1176.5533447265625,1187.3499755859375,1217.199951171875,1181.0,1200.0,4683729,1175.0062576500347,1183.8149906386998,1190.622410318199,,,DOWN
2024-01-31,1196.668701171875,1207.6500244140625,1214.25,1191.6500244140625,1195.800048828125,5510242,1178.1151878180376,1184.7496978455767,1190.7918393141777,,,DOWN
2024-02-01,1207.766845703125,1218.8499755859375,1239.5,1200.300048828125,1213.5999755859375,7433628,1181.9946914149805,1186.0869636393165,1191.0710247497177,,,DOWN
2024-02-02,1249.9793701171875,1261.449951171875,1287.5,1231.699951171875,1233.050048828125,10450227,1189.5618590108752,1189.042374915103,1191.7713125748137,,,SIDEWAYS
2024-02-05,1247.10595703125,1258.550048828125,1291.25,1248.8499755859375,1269.5,5611298,1196.1321628029941,1191.768166048947,1192.4357776121603,,,SIDEWAYS
2024-02-06,1261.5235595703125,1273.0999755859375,1284.5999755859375,1248.8499755859375,1266.0,4408002,1203.462430687084,1194.9576487758877,1193.2384064477205,,41.80714634486607,UP
2024-02-07,1244.232177734375,1255.6500244140625,1286.3499755859375,1252.1500244140625,1280.0,3359763,1208.432677708701,1197.337741938169,1193.859417571764,61.66231430083516,42.450003487723215,UP
2024-02-08,1233.877197265625,1245.199951171875,1264.5,1236.75,1264.050048828125,3354609,1211.934322800432,1199.214691319883,1194.370268652362,65.60446095280514,41.200003487723215,UP
2024-02-09,1259.9381103515625,1271.5,1275.5,1232.0999755859375,1252.5999755859375,3538164,1217.607244438486,1202.0494093073385,1195.1377286657714,72.19805887244058,41.38214111328125,UP
2024-02-12,1237.989501953125,1249.3499755859375,1279.75,1243.9000244140625,1278.0,2204823,1220.630361690624,1203.9043334751268,1195.6771540082607,66.99404291685988,42.742850167410715,UP
2024-02-13,1253.299072265625,1264.800048828125,1271.0,1226.6500244140625,1249.949951171875,2245009,1224.8369985608622,1206.292400743872,1196.3649440064685,72.38780512755103,40.414280482700896,UP
2024-02-14,1256.3212890625,1267.8499755859375,1281.550048828125,1248.6500244140625,1261.949951171875,3382943,1228.9334725632502,1208.706423286698,1197.0762378530303,77.09291628334867,40.735709054129465,UP
2024-02-15,1255.528564453125,1267.050048828125,1277.550048828125,1262.0999755859375,1275.0,3382824,1232.5636226837144,1210.994408602048,1197.7724946786532,74.4581874933859,38.68571254185268,UP
2024-02-16,1294.966552734375,1306.8499755859375,1311.0,1265.550048828125,1269.800048828125,5476230,1239.638513436307,1214.7534504445537,1198.8578427473826,73.31782527658274,37.746425083705354,UP
2024-02-19,1295.115234375,1307.0,1327.0,1302.1500244140625,1313.4000244140625,2700240,1246.0538931090396,1218.370962191826,1199.9338841130802,76.33725295046085,36.93571254185268,UP
2024-02-20,1288.6744384765625,1300.5,1312.9000244140625,1293.699951171875,1311.0,1856718,1251.2392366224644,1221.5917087725388,1200.934541982602,71.76004041742549,36.385716029575896,UP
2024-02-21,1279.2607421875,1291.0,1315.0,1281.449951171875,1304.800048828125,2770510,1255.0259759917535,1224.313602546165,1201.830715694218,67.04467264762795,35.982151576450896,UP
2024-02-22,1299.029296875,1310.949951171875,1317.0,1281.0,1296.0,2556009,1260.3520688660508,1227.7111064138398,1202.9164792313093,63.095255011025095,33.65000697544643,UP
2024-02-23,1308.690673828125,1320.699951171875,1332.0,1298.0,1312.050048828125,2924829,1266.0994862285104,1231.3577277769002,1204.088454076489,65.86672168197248,33.05000523158482,UP
2024-02-26,1325.9820556640625,1338.1500244140625,1343.0,1316.75,1320.0,2802425,1272.961442246182,1235.5456609783575,1205.4224000499971,66.36479215801887,32.371433803013396,UP
2024-02-27,1317.361083984375,1329.449951171875,1339.199951171875,1314.25,1336.8499755859375,2197456,1278.3413002391053,1239.2281821624172,1206.6565050362847,69.42102087979231,31.710719517299108,UP
2024-02-28,1287.68359375,1299.5,1334.9000244140625,1295.1500244140625,1334.5,2121625,1280.3564145020478,1241.5917828619304,1207.5803209065705,62.95943886112769,32.567862374441965,UP
2024-02-29,1308.4925537109375,1320.5,1329.9000244140625,1293.050048828125,1300.0,2672239,1284.1796131209005,1244.686222749698,1208.7038998030228,61.99804400510281,32.100001743861604,UP
2024-03-01,1310.0780029296875,1322.0999755859375,1349.0,1312.4000244140625,1335.0,3301090,1287.7910762128088,1247.7220561942563,1209.8322189650419,69.8067080547173,32.153573172433035,UP
2024-03-04,1330.3914794921875,1342.5999755859375,1356.550048828125,1336.4000244140625,1345.25,2170214,1293.010971391202,1251.4427589154986,1211.153291170225,70.61473164237441,31.446437290736608,UP
2024-03-05,1326.1307373046875,1338.300048828125,1354.949951171875,1334.0,1344.050048828125,1815438,1297.3242168613851,1254.8489271473663,1212.4184330374678,68.5443897410719,30.592860630580358,UP
2024-03-06,1312.75341796875,1324.800048828125,1344.5999755859375,1304.0,1342.699951171875,2758443,1299.9409627629793,1257.592108389749,1213.5366580702107,64.24871152961133,32.3892822265625,UP
2024-03-07,1313.3974609375,1325.449951171875,1335.3499755859375,1315.0,1329.800048828125,1640786,1302.3703902304933,1260.2532002635578,1214.6502231757,55.68807017517663,30.596426827566965,UP
2024-03-11,1314.8839111328125,1326.949951171875,1342.3499755859375,1322.050048828125,1331.0,2217673,1304.7113007963392,1262.8687591227076,1215.7676334045177,56.05094598096931,30.27142333984375,UP
2024-03-12,1289.46728515625,1301.300048828125,1346.949951171875,1293.449951171875,1335.0,3139768,1304.3864196565094,1264.3758685229202,1216.618702214703,50.21740486132396,32.72141810825893,UP
2024-03-13,1198.551513671875,1209.550048828125,1308.0,1188.0999755859375,1307.0,8670336,1295.3543843395205,1262.2258363780263,1216.548367355135,34.704220496094194,38.889273507254465,UP
2024-03-14,1256.3212890625,1267.8499755859375,1276.0,1195.699951171875,1210.0,7195603,1292.7349168391793,1262.446390856768,1217.0588311186257,42.92514550465458,42.053562709263396,UP
2024-03-15,1271.33349609375,1283.0,1288.8499755859375,1256.6500244140625,1273.800048828125,4024586,1291.8077819021146,1263.2524147447377,1217.7149621522713,43.919357925401584,41.92498779296875,UP
2024-03-18,1255.0826416015625,1266.5999755859375,1270.050048828125,1227.25,1250.0,4858444,1289.4070384434312,1263.383691640471,1218.2013801963874,38.42043750167923,44.032130650111604,UP
2024-03-19,1229.91357421875,1241.199951171875,1272.8499755859375,1237.25,1271.050048828125,2311324,1284.8158872747115,1262.5137410338593,1218.430221698631,36.45016234825068,44.7928466796875,UP
2024-03-20,1234.075439453125,1245.4000244140625,1252.949951171875,1230.199951171875,1248.0,2772098,1281.0619955736975,1261.8426148919066,1218.6985779445556,40.98032423754843,43.578560965401785,UP
2024-03-21,1250.9703369140625,1262.449951171875,1268.699951171875,1251.300048828125,1260.0,3155563,1279.2894199163811,1261.866432000925,1219.1339149915937,40.192582143357996,42.61070033482143,UP
2024-03-22,1269.9462890625,1281.5999755859375,1289.0999755859375,1255.050048828125,1262.449951171875,3076926,1279.5094728372912,1262.6402964552392,1219.7554678333283,43.54066482620055,42.428553989955354,UP
2024-03-26,1292.3406982421875,1304.199951171875,1314.0,1281.0,1281.5999755859375,3610644,1281.8609469643943,1264.2700868362838,1220.5957114486373,43.91634076521442,42.324977329799104,UP
2024-03-27,1310.7716064453125,1322.800048828125,1343.0,1312.0999755859375,1315.0,4938400,1285.7599090466545,1266.565379463415,1221.6126700295276,47.650802578315215,43.599984305245535,UP
2024-03-28,1329.6484375,1341.8499755859375,1358.699951171875,1314.0,1334.0,4188741,1291.1018201456338,1269.517716566259,1222.8090611295913,52.54135272679635,43.89283970424107,UP
2024-04-01,1363.3887939453125,1375.9000244140625,1381.75,1350.25,1356.800048828125,3251462,1299.1778395997699,1273.6895717759767,1224.3323542966011,56.83883375104538,45.289271763392854,UP
2024-04-02,1391.3819580078125,1404.1500244140625,1424.949951171875,1388.199951171875,1397.800048828125,5769001,1309.1751905344643,1278.8056679578626,1226.1215848450336,59.757340496273244,47.342843191964285,UP
2024-04-03,1384.4949951171875,1397.199951171875,1402.0,1389.199951171875,1399.8499755859375,2727582,1317.5585010713605,1283.448581025079,1227.8238571467932,62.72218958234415,44.58927699497768,UP
2024-04-04,1354.421142578125,1366.8499755859375,1408.5999755859375,1362.25,1408.5999755859375,4197697,1322.252927215606,1286.7192239490341,1229.2072016088744,74.92866337509,39.335702078683035,UP
2024-04-05,1363.0419921875,1375.550048828125,1381.9000244140625,1357.3499755859375,1367.0,1853120,1327.3288435596555,1290.2027857089984,1230.6633493423992,70.25196774482326,35.35355922154018,UP
2024-04-08,1336.38671875,1348.6500244140625,1381.949951171875,1337.0,1381.949951171875,14038860,1329.359432212456,1292.4948342856676,1231.8373461092815,61.822431283031825,36.264273507254465,UP
2024-04-09,1344.165283203125,1356.5,1364.9000244140625,1346.0999755859375,1356.1500244140625,1935801,1331.9442481922222,1295.004840784269,1233.0777705261046,66.70381847057047,33.624991280691965,UP
2024-04-10,1340.00341796875,1352.300048828125,1359.9000244140625,1348.199951171875,1359.0,3984001,1333.882895871832,1297.2517116879496,1234.264061852493,72.40823558029898,31.917855398995535,UP
2024-04-12,1331.9769287109375,1344.199951171875,1358.4000244140625,1341.0,1350.0,2183230,1334.8654725670742,1299.0928191186918,1235.357951298457,69.61871717665812,31.535714285714285,UP
2024-04-15,1303.587646484375,1315.550048828125,1335.0,1308.5999755859375,1320.0,3372368,1333.0259084014601,1299.7382006759244,1236.1558826171602,60.07973958347816,32.41428920200893,UP
2024-04-16,1292.4893798828125,1304.3499755859375,1322.0,1294.4000244140625,1302.0,2696593,1330.2948671809343,1299.9190545939641,1236.8344308059043,54.45292280402629,31.953578404017858,UP
2024-04-18,1283.76953125,1295.550048828125,1336.5,1291.0,1315.949951171875,6219274,1326.9858368616192,1299.7477210345196,1237.4186658111005,48.21024268563618,32.846435546875,UP
2024-04-19,1298.0880126953125,1310.0,1316.0,1270.0,1280.0,3899281,1325.3681381128936,1300.1497711900288,1238.1408681413384,47.30525287828947,33.3607177734375,UP
2024-04-22,1309.087158203125,1321.0999755859375,1331.0,1315.0,1321.0999755859375,8903130,1324.9616464436597,1300.9713478330057,1238.966331897006,45.48028848045759,31.667864118303573,UP
2024-04-23,1310.0780029296875,1322.0999755859375,1338.550048828125,1318.9000244140625,1321.0999755859375,3847872,1324.6891063619719,1301.7999214703755,1239.793532331722,36.31042014551527,30.221435546875,UP
2024-04-24,1308.4925537109375,1320.5,1332.9000244140625,1318.050048828125,1331.0,2553035,1324.290143851308,1302.533257883302,1240.596581761257,25.375320448091898,27.778581891741073,UP
2024-04-25,1318.451171875,1330.550048828125,1336.949951171875,1316.800048828125,1320.5,6097087,1324.8863252776714,1303.6319555674127,1241.4916411350569,30.731448059931992,28.149998256138392,UP
2024-04-26,1312.55517578125,1324.5999755859375,1341.5999755859375,1321.0999755859375,1340.0,2565490,1324.8590538784586,1304.454230862257,1242.3185897365581,35.779203597272456,26.303571428571427,UP
2024-04-29,1305.2720947265625,1317.25,1335.75,1307.0,1334.300048828125,2191564,1324.1343820805102,1304.9560257304038,1243.0641759083337,30.19698771501217,26.603567940848215,UP
2024-04-30,1312.8526611328125,1324.9000244140625,1334.6500244140625,1316.25,1323.550048828125,2321071,1324.2073003979913,1305.7381433258413,1243.878462958142,40.71902732964053,24.707144601004465,UP
2024-05-02,1326.626220703125,1338.800048828125,1348.699951171875,1306.550048828125,1333.949951171875,7991511,1325.597085962766,1307.0346886396565,1244.8229563498833,43.39554060750933,26.374991280691965,UP
2024-05-03,1308.29443359375,1320.300048828125,1354.0,1310.449951171875,1353.0,3528822,1325.0926062356573,1307.554898843126,1245.573972195438,39.211062217151735,28.649989536830358,UP
2024-05-06,1278.2203369140625,1289.949951171875,1322.5,1257.0,1322.5,4000668,1321.745686705773,1306.8645087383711,1246.0155242250544,34.095577699109455,32.085702078683035,UP
2024-05-07,1275.9412841796875,1287.6500244140625,1301.1500244140625,1265.0,1291.0999755859375,3474340,1318.4984807732292,1306.1109995491825,1246.429797858776,40.325932648035575,32.124991280691965,UP
2024-05-08,1265.6357421875,1277.25,1293.699951171875,1269.050048828125,1293.3499755859375,1627418,1314.5700540329217,1304.979195645293,1246.7364665367982,40.550916676385185,31.914271763392858,UP
2024-05-09,1233.2332763671875,1244.550048828125,1285.800048828125,1240.0,1279.0,2591646,1307.9014821086553,1302.6094251818747,1246.714711136712,34.75792435291079,31.935703822544642,UP
2024-05-10,1255.2313232421875,1266.75,1278.699951171875,1245.75,1250.0,2022402,1303.9822933364023,1301.203173213958,1246.9140672448045,37.64639019253701,31.089268275669642,UP
2024-05-13,1294.520751953125,1306.4000244140625,1313.0,1261.6500244140625,1267.0,2495810,1304.2125534390366,1301.4069713002366,1247.5059673161404,46.38999407635506,33.25712367466518,UP
2024-05-14,1319.1448974609375,1331.25,1339.9000244140625,1285.25,1306.4000244140625,2989543,1306.7875483496045,1302.5772861512078,1248.339241273194,52.01143580295083,35.75712367466518,UP
2024-05-15,1325.684814453125,1337.8499755859375,1353.949951171875,1333.0,1337.8499755859375,2189768,1309.7458747530648,1303.9605288741384,1249.2298953459576,53.73197894583167,36.317836216517854,UP
2024-05-16,1332.8194580078125,1345.050048828125,1366.75,1310.5,1352.199951171875,4822618,1313.1081770459277,1305.5718825978242,1250.1833297089643,53.15766416217056,38.896414620535715,UP
2024-05-17,1323.5543212890625,1335.699951171875,1343.300048828125,1321.1500244140625,1330.0,1945123,1315.2597745817322,1306.753375483081,1251.0342413653118,52.38196776192844,39.139273507254465,UP
2024-05-21,1372.9014892578125,1385.5,1398.800048828125,1333.0,1344.0,4200578,1321.9493198596626,1309.8414784053132,1252.3722091129207,62.38880951283588,41.78570556640625,UP
2024-05-22,1365.6678466796875,1378.199951171875,1394.3499755859375,1364.199951171875,1394.3499755859375,1878562,1327.3065228417781,1312.5222028275314,1253.6242264468406,59.687365355576645,42.624991280691965,UP
2024-05-23,1430.2254638671875,1443.3499755859375,1448.800048828125,1369.9000244140625,1384.0,7821034,1338.358280245984,1317.6527037200178,1255.5120448462346,66.01805674367421,45.25,UP
2024-05-24,1403.2232666015625,1416.0999755859375,1444.949951171875,1382.1500244140625,1435.0,19100263,1345.7622512307414,1321.5133810480932,1257.1099347043412,64.29422022402494,46.624991280691965,UP
2024-05-27,1418.6319580078125,1431.6500244140625,1457.050048828125,1423.5999755859375,1445.0,5517078,1353.9420391529625,1325.8324651016605,1258.8466520148856,72.11988723651329,44.871425083705354,UP
2024-05-28,1387.76513671875,1400.5,1438.0,1398.0,1438.0,4070886,1358.376130662204,1328.7606037251248,1260.2561380644888,66.16066000079014,45.14642333984375,UP
2024-05-29,1397.1787109375,1410.0,1427.8499755859375,1382.9000244140625,1406.0,3214475,1363.2926896467561,1331.946462402571,1261.7461267404642,69.05957027073828,46.596426827566965,UP
2024-05-30,1370.919677734375,1383.5,1413.6500244140625,1373.6500244140625,1410.0,3477661,1365.2171953946843,1333.9681697593328,1262.9576080664299,70.3113334541961,46.182137625558035,UP
2024-05-31,1424.3297119140625,1437.4000244140625,1451.0,1391.0,1391.0,8238969,1372.091750539387,1338.0243209222635,1264.693353502725,72.82941233531139,48.56428745814732,UP
2024-06-03,1569.5469970703125,1583.949951171875,1621.4000244140625,1535.0,1549.0,23398347,1392.2687220281953,1347.6684632849935,1267.870036066597,78.87233659438114,58.03928920200893,UP
2024-06-04,1237.5931396484375,1248.949951171875,1558.0,1188.0,1558.0,52109624,1378.6193152799742,1343.797149084479,1267.681776515406,44.79640754057123,82.41785539899554,UP
2024-06-05,1342.282470703125,1354.5999755859375,1368.0,1160.5999755859375,1281.0,20879925,1376.3317591186374,1344.2207893394382,1268.5466342176003,50.94116949857977,95.6107177734375,UP
2024-06-06,1340.6474609375,1352.949951171875,1404.0,1344.800048828125,1384.0,12153840,1374.1049202665647,1344.5631094112985,1269.3864682171454,50.44667532096074,95.82142857142857,UP
2024-06-07,1366.31201171875,1378.8499755859375,1385.0,1355.050048828125,1357.699951171875,5884018,1374.5568302969812,1345.9076923985392,1270.4756573451932,52.394961086159256,96.40357317243304,UP
2024-06-10,1371.4647216796875,1384.050048828125,1415.3499755859375,1381.25,1404.0,4843234,1375.4609463475663,1347.4034710820524,1271.6057507927846,49.915331342572046,94.31071254185268,UP
2024-06-11,1390.688232421875,1403.449951171875,1418.800048828125,1384.050048828125,1391.0,4122878,1378.1265658546433,1349.6013722620455,1272.9176333836215,51.4539066712926,94.6392822265625,UP
2024-06-12,1381.274658203125,1393.949951171875,1414.449951171875,1390.5999755859375,1411.75,3258265,1379.633554932475,1351.3405322192937,1274.1219350531564,46.96074689540842,90.70713588169643,UP
2024-06-13,1391.67919921875,1404.449951171875,1411.0,1388.050048828125,1403.5999755859375,2839159,1381.9970212409892,1353.4232545311597,1275.4187312334423,49.26816864488699,87.86070905412946,UP
2024-06-14,1423.7730712890625,1430.699951171875,1442.0,1395.449951171875,1409.0,5651491,1386.6353955201212,1356.4537132229525,1276.9638179989988,49.94110994772004,88.26070731026786,UP
2024-06-18,1438.00390625,1445.0,1458.5999755859375,1434.050048828125,1447.0,5651898,1392.1939292801096,1359.9261166259741,1278.635819809954,52.81716872935291,87.39642333984375,UP
2024-06-19,1441.387451171875,1448.4000244140625,1452.0,1420.449951171875,1446.0,4484742,1397.5468907214386,1363.3956816372718,1280.3250158756666,52.44991838875302,86.43928745814732,UP
2024-06-20,1462.2857666015625,1469.4000244140625,1476.800048828125,1444.0999755859375,1459.300048828125,4905603,1404.3900463112122,1367.5527146873421,1282.206359244208,55.51914779808361,85.91786411830357,UP
2024-06-21,1478.3077392578125,1485.5,1498.9000244140625,1470.0,1479.949951171875,25891893,1412.1148038053825,1372.1780984250934,1284.2291815402855,53.248242436512804,83.20357840401786,UP
2024-06-24,1453.1800537109375,1460.25,1479.6500244140625,1450.199951171875,1474.8499755859375,3009931,1416.6991082048698,1375.6318984868544,1285.980632470233,40.00969700698074,72.5821533203125,UP
2024-06-25,1449.099853515625,1456.1500244140625,1468.9000244140625,1437.0,1466.1500244140625,3343186,1420.456338320031,1378.7894720526274,1287.6738602507687,85.9472624193381,46.578587123325896,UP
2024-06-26,1460.6934814453125,1467.800048828125,1474.5,1451.050048828125,1458.9000244140625,3217949,1424.9652631303256,1382.2800829065686,1289.466160634623,79.14521898789795,33.439296177455354,UP
2024-06-27,1478.3077392578125,1485.5,1494.0,1459.0,1475.5999755859375,7803408,1430.7304761655328,1386.3279227925855,1291.4167461009454,81.52200923379905,31.710728236607142,UP
2024-06-28,1470.943603515625,1478.0999755859375,1494.0,1445.0,1480.0,11534763,1435.2418570627142,1389.9268268236974,1293.2742906729354,75.88005215123859,32.921439034598215,UP
2024-07-01,1467.3609619140625,1474.5,1491.4000244140625,1471.5999755859375,1483.0,3372730,1438.980727818646,1393.243421850219,1295.077531561762,73.78385422685125,31.728585379464285,UP
2024-07-02,1467.7093505859375,1474.8499755859375,1489.5999755859375,1455.050048828125,1479.5,5368562,1442.3968466536262,1396.4436788594628,1296.8663120993162,70.86500134484263,31.71429443359375,UP
2024-07-03,1503.3360595703125,1510.6500244140625,1514.0,1470.800048828125,1479.800048828125,4435563,1448.8971492974772,1400.9223590772901,1298.993513216876,79.55928541259946,33.096435546875,UP
2024-07-04,1496.369873046875,1503.6500244140625,1520.0,1494.3499755859375,1514.6500244140625,2980840,1454.1117088323901,1404.95089497285,1301.0298964128679,75.58021164307627,33.289297921316965,UP
2024-07-05,1493.185302734375,1500.449951171875,1509.5,1493.9000244140625,1508.0,2111633,1458.5248747694839,1408.6959560002629,1303.014175564699,70.41263100134037,31.078578404017858,UP
2024-07-08,1468.1572265625,1475.300048828125,1501.050048828125,1469.0,1496.0,2177821,1460.1225103941165,1411.3078812091987,1304.7284628608525,58.33793532488716,31.375008719308035,UP
2024-07-09,1470.8441162109375,1478.0,1503.949951171875,1475.0,1480.0,2256634,1461.8251284518196,1413.9232584166812,1306.4525577577595,58.1767943505012,31.189287458147323,UP
2024-07-10,1480.5966796875,1487.800048828125,1494.449951171875,1460.0,1492.0,2082079,1464.2989303924203,1416.820387452424,1308.2570104052259,55.41814851319302,31.314278738839285,UP
2024-07-11,1476.665771484375,1483.8499755859375,1498.5,1477.9000244140625,1495.0,1765496,1466.160934696565,1419.4489987517777,1310.004204088616,49.4766812056658,30.678562709263392,UP
2024-07-12,1479.501953125,1486.699951171875,1497.0,1481.1500244140625,1490.0,2018935,1468.1170315037375,1422.0862910035464,1311.7623707262605,59.77817048867838,29.289271763392858,UP
2024-07-15,1487.8115234375,1495.050048828125,1505.0,1485.300048828125,1494.0,1913095,1470.6820807727267,1424.9476148398044,1313.586128717324,63.94264887971054,28.417837960379465,UP
2024-07-16,1491.792236328125,1499.050048828125,1510.5999755859375,1493.25,1496.0,2170314,1473.383792016098,1427.853592643268,1315.43154085773,61.850579011883916,27.982125418526785,UP
2024-07-18,1486.6671142578125,1493.9000244140625,1504.25,1472.199951171875,1490.0,3263419,1475.337718911142,1430.4436487911426,1317.2073466642607,53.52054165170208,27.771414620535715,UP
2024-07-19,1462.186279296875,1469.300048828125,1502.199951171875,1465.5,1492.550048828125,2568243,1474.7627027127594,1431.9674291847498,1318.7207068847968,46.776586487856925,26.892839704241073,UP
2024-07-22,1460.24560546875,1467.3499755859375,1475.0,1442.550048828125,1470.0,1721261,1474.056728700681,1433.354980024012,1320.1996050808282,47.34890145950052,27.796404157366073,UP
2024-07-23,1500.052001953125,1507.3499755859375,1517.0,1419.0,1468.0,5987213,1477.2275141183245,1436.2567445558523,1322.0617978221726,59.312307888179554,32.32855224609375,UP
2024-07-24,1477.6112060546875,1484.800048828125,1513.550048828125,1480.0,1508.0,2201442,1477.9487079002101,1438.1604035469218,1323.681083901834,41.98450976221099,31.639273507254465,UP
2024-07-25,1479.800537109375,1487.0,1499.449951171875,1466.8499755859375,1471.0,2211808,1478.8107357192378,1440.0756818391994,1325.3061477436067,44.6788058103725,32.13569859095982,UP
2024-07-26,1535.2806396484375,1542.75,1547.9000244140625,1490.0,1495.9000244140625,4500728,1484.9001894602627,1444.1021256886427,1327.4697681640682,60.11962890625,35.37141636439732,UP
2024-07-29,1541.2017822265625,1548.699951171875,1559.0,1540.0,1547.9000244140625,1928637,1490.9763572423212,1448.204001197789,1329.67106351738,69.33611260822643,34.43927001953125,UP
2024-07-30,1538.763671875,1546.25,1556.9000244140625,1536.0,1554.5999755859375,2800881,1496.2405136954335,1452.0489423272877,1331.8260778107394,68.00316075409873,33.86427525111607,UP
2024-07-31,1562.2991943359375,1569.9000244140625,1577.9000244140625,1547.0,1557.0,2622023,1503.255705192446,1456.6705533895142,1334.1949728018174,70.18189914736837,33.664280482700896,UP
2024-08-01,1582.451171875,1590.1500244140625,1604.949951171875,1568.5,1580.949951171875,7160588,1511.5313546421237,1461.9050424493005,1336.7417892357703,74.1920965983658,34.796421595982146,UP
2024-08-02,1580.3115234375,1588.0,1599.699951171875,1550.199951171875,1579.949951171875,4313297,1518.814082771445,1466.8499427454065,1339.241870934917,73.12786502925229,37.19999476841518,UP
2024-08-05,1486.6173095703125,1493.8499755859375,1563.449951171875,1471.550048828125,1540.0,7147230,1516.4365487537777,1467.9087675626822,1340.7802600359223,49.80313754419944,44.110709054129465,UP
2024-08-06,1486.8660888671875,1494.0999755859375,1539.75,1488.0999755859375,1524.9000244140625,3159971,1514.3092560711261,1468.9358737596726,1342.3058293448778,49.17786506452637,46.56071254185268,UP
2024-08-07,1536.3255615234375,1543.800048828125,1547.8499755859375,1514.199951171875,1520.0,2258441,1517.117903000364,1471.871723762357,1344.3107469516763,57.21933274582281,48.110709054129465,UP
2024-08-08,1511.6456298828125,1519.0,1556.0,1513.800048828125,1538.0,2468123,1517.2971503336628,1473.719891457951,1346.048948474545,57.18622674292589,48.503566196986604,UP
2024-08-09,1526.3740234375,1533.800048828125,1543.5,1519.0,1541.5,1503033,1518.868854952183,1476.075976060703,1347.917118627317,59.26391589555152,47.93571254185268,UP
2024-08-12,1494.130859375,1501.4000244140625,1524.25,1457.3499755859375,1500.0,9230512,1517.2051568056954,1477.069075996129,1349.4443117197225,49.15254944533733,46.396432059151785,UP
2024-08-13,1476.2677001953125,1483.449951171875,1517.449951171875,1479.5,1505.8499755859375,2485446,1513.9903753167603,1477.3193063951778,1350.7777011670075,49.80515270672135,46.71071079799107,UP
2024-08-14,1454.8717041015625,1461.949951171875,1488.0,1452.0,1488.0,2648057,1509.0341444458188,1476.7165865824993,1351.8838927093445,46.57552534421636,46.95356968470982,UP
2024-08-16,1486.21923828125,1493.449951171875,1497.199951171875,1457.050048828125,1471.199951171875,1985315,1507.5499355625861,1477.3727969585534,1353.2925102064842,42.781842813584646,45.47141810825893,UP
2024-08-19,1489.2047119140625,1496.449951171875,1507.0,1490.0,1500.949951171875,1343387,1506.4927941920423,1478.1209206531935,1354.7169623553937,42.28327355120278,45.328560965401785,UP
2024-08-20,1485.32373046875,1492.550048828125,1510.0,1486.300048828125,1504.949951171875,990643,1505.1649136811932,1478.6867688169164,1356.0884358526348,42.10295402763527,45.528555733816965,UP
2024-08-21,1496.2205810546875,1503.5,1517.0,1492.550048828125,1499.0999755859375,1551436,1505.0063504734605,1479.6598367064491,1357.5552175854443,39.85640242230935,45.01426478794643,UP
2024-08-22,1485.074951171875,1492.300048828125,1509.5,1490.4000244140625,1507.0,1442064,1503.796226507238,1480.1555312994562,1358.8959621749239,34.626875403944226,43.77498081752232,UP
2024-08-23,1484.0797119140625,1491.300048828125,1503.0,1486.0999755859375,1493.0,1181075,1502.6061143473225,1480.5925712025412,1360.2134157734633,34.752456418871574,41.4464111328125,UP
2024-08-26,1475.3720703125,1482.550048828125,1497.0,1480.0,1495.5,1087057,1500.6960128693038,1480.6693350309954,1361.4306957043555,47.56151851838193,34.342843191964285,UP
2024-08-27,1471.1923828125,1478.3499755859375,1496.9000244140625,1475.5999755859375,1484.9000244140625,910064,1498.5678188423165,1480.5783797586403,1362.5940716235752,46.65818158083676,32.17498779296875,UP
2024-08-28,1462.683837890625,1469.800048828125,1486.4000244140625,1467.0,1479.4000244140625,1225101,1495.8280312219172,1480.1557001143065,1363.6607977649142,30.97686375321338,29.721418108258927,UP
2024-08-29,1468.903564453125,1476.050048828125,1483.0,1452.5999755859375,1472.050048828125,3359850,1493.9444138510798,1479.9946941815151,1364.7790987705182,37.79483856465531,28.878566196986608,UP
2024-08-30,1474.7252197265625,1481.9000244140625,1487.0,1466.0,1480.949951171875,1996592,1492.7973291427925,1480.0694130141642,1365.9444811152302,34.46105917636834,28.628566196986608,UP
2024-09-02,1487.26416015625,1494.5,1499.5,1478.800048828125,1490.0,2054244,1492.9594882720503,1480.6353183861577,1367.2236405071185,47.65623898608546,24.646414620535715,UP
2024-09-03,1472.3865966796875,1479.550048828125,1498.0999755859375,1476.5999755859375,1494.5,882478,1491.6823988012002,1480.5927587956467,1368.3413162118052,48.64774262582071,23.471418108258927,UP
2024-09-04,1464.97265625,1472.0999755859375,1475.1500244140625,1461.050048828125,1472.0,1122071,1489.8174061140323,1480.2597084736974,1369.3737406831897,53.89936286974048,22.221418108258927,UP
2024-09-05,1458.454345703125,1465.550048828125,1476.800048828125,1463.0,1476.75,959956,1487.5062292296602,1479.6828590758319,1370.3307188736867,36.73955321212909,20.339285714285715,UP
2024-09-06,1435.41650390625,1442.4000244140625,1468.75,1427.550048828125,1465.5999755859375,3340767,1483.2104001996033,1478.2207871283117,1371.0478263915013,28.440349997321945,22.067853655133927,UP
2024-09-09,1428.9478759765625,1435.9000244140625,1441.5999755859375,1411.0,1431.0,1621371,1478.70465012479,1476.561149374812,1371.6931218942134,27.86240715917819,22.61785888671875,UP
2024-09-10,1446.3631591796875,1453.4000244140625,1464.0,1435.0,1439.0,1542798,1476.2946857713873,1475.6528699645864,1372.506125899386,31.37545685650055,22.942862374441965,UP
2024-09-11,1423.673583984375,1430.5999755859375,1457.8499755859375,1425.0999755859375,1454.949951171875,1637596,1471.9428086108683,1473.8860897928748,1373.0841741549737,28.88429720992839,23.917864118303573,SIDEWAYS
2024-09-12,1465.47021484375,1472.5999755859375,1475.0,1440.199951171875,1444.0,4003674,1472.0053959418271,1473.8356539416225,1374.0743811343862,45.0026521426246,25.882149832589285,SIDEWAYS
2024-09-13,1445.0694580078125,1452.0999755859375,1475.6500244140625,1450.0,1472.949951171875,1683544,1470.1096416222185,1472.9832743982624,1374.8507552085312,42.34345562465815,26.500008719308035,SIDEWAYS
2024-09-16,1433.724609375,1440.699951171875,1461.1500244140625,1438.800048828125,1455.0999755859375,1673805,1467.3087187221859,1471.717261722718,1375.5059710887635,40.86385882138273,26.575003487723215,SIDEWAYS
2024-09-17,1419.69287109375,1426.5999755859375,1445.0,1420.0999755859375,1442.800048828125,1321316,1463.4316955663528,1469.9479563840207,1376.0143691434619,39.79204200696078,26.967860630580358,SIDEWAYS
2024-09-18,1421.88232421875,1428.800048828125,1439.25,1415.050048828125,1430.0,1421406,1460.1334434960454,1468.3343129504563,1376.5395997870903,38.617203352448165,26.524998256138392,SIDEWAYS
2024-09-19,1401.3819580078125,1408.199951171875,1438.0,1394.449951171875,1433.0,2072872,1455.187396608029,1465.9761026846295,1376.8546281590784,33.42329811436382,28.135716029575892,SIDEWAYS
2024-09-20,1431.7342529296875,1438.699951171875,1453.050048828125,1409.199951171875,1418.949951171875,4407151,1453.6171637093478,1464.9064496841293,1377.4700045074644,38.38467871445124,29.860726492745535,SIDEWAYS
2024-09-23,1449.099853515625,1456.1500244140625,1458.949951171875,1443.8499755859375,1448.0,1139915,1453.8583885383682,1464.5630604578523,1378.2528902776794,45.17923489627055,29.771440778459823,SIDEWAYS
2024-09-24,1449.597412109375,1456.6500244140625,1465.8499755859375,1447.0,1456.1500244140625,1537307,1454.1242586217677,1464.2527453188802,1379.0329612641112,46.72323750327505,29.796439034598215,SIDEWAYS
2024-09-25,1445.517333984375,1452.550048828125,1464.0,1438.199951171875,1459.0,1227806,1453.974333879516,1463.793816044733,1379.764474573206,47.21389119692591,30.653581891741073,SIDEWAYS
2024-09-26,1465.47021484375,1472.5999755859375,1475.75,1448.0,1456.8499755859375,2066994,1455.7482045182228,1464.139155634584,1380.6882109016908,56.55949729557748,29.69287109375,SIDEWAYS
2024-09-27,1449.6470947265625,1456.699951171875,1485.0,1452.449951171875,1485.0,2694100,1455.8388470566658,1463.8474221262427,1381.4445466257723,54.340548347900075,29.775015694754465,SIDEWAYS
2024-09-30,1441.1883544921875,1448.199951171875,1468.75,1444.0,1456.699951171875,2042408,1455.1113331628762,1463.2337958143069,1382.1087795068281,48.87249169832675,29.471444266183035,SIDEWAYS
2024-10-01,1460.3948974609375,1467.5,1472.8499755859375,1448.0,1448.199951171875,1687795,1456.2912061949833,1463.401097939236,1382.9584433923324,58.12417188730411,28.907156808035715,SIDEWAYS
2024-10-03,1418.2996826171875,1425.199951171875,1469.0,1414.199951171875,1452.75,3967953,1453.3301342880206,1461.9030137522807,1383.3787569025767,39.5778433518729,29.650015694754465,SIDEWAYS
2024-10-04,1406.8553466796875,1413.699951171875,1446.4000244140625,1404.199951171875,1424.800048828125,2611371,1449.5558311341022,1460.0126975726569,1383.680460328142,41.20879642955954,30.832162039620535,SIDEWAYS
2024-10-07,1348.6385498046875,1355.199951171875,1423.9000244140625,1337.0,1410.0,4531821,1440.5695568519852,1455.902393792234,1383.3970721773337,33.89831989105177,35.442879813058035,SIDEWAYS
2024-10-08,1411.6820068359375,1418.550048828125,1424.3499755859375,1342.0,1342.0,3031170,1438.472460849713,1454.4375959505044,1383.7468530395306,48.7212204302222,39.54644775390625,SIDEWAYS
2024-10-09,1401.332275390625,1408.1500244140625,1432.949951171875,1404.3499755859375,1424.75,1507508,1435.5846097606034,1452.6223970667224,1383.989670665148,46.802910029410995,39.86073521205357,SIDEWAYS
2024-10-10,1410.33837890625,1417.199951171875,1430.050048828125,1406.8499755859375,1417.0,1628495,1433.8336898950101,1451.2332815414343,1384.3201212174538,51.44508602542541,38.40716552734375,SIDEWAYS
2024-10-11,1401.4317626953125,1408.25,1426.8499755859375,1405.199951171875,1415.199951171875,1158809,1431.3971480002474,1449.5476626574566,1384.5582294640465,44.747293270194554,36.75001743861607,SIDEWAYS
2024-10-14,1403.471923828125,1410.300048828125,1426.0,1407.1500244140625,1418.0,762384,1429.387900460045,1448.0085405465024,1384.8143669701567,41.64693690107392,36.650015694754465,SIDEWAYS
2024-10-15,1413.4234619140625,1420.300048828125,1424.699951171875,1407.0,1415.949951171875,1018477,1428.5223907808145,1446.9219330281346,1385.1674583319275,43.59923116573142,36.56787109375,SIDEWAYS
2024-10-16,1397.00341796875,1403.800048828125,1418.4000244140625,1392.0,1418.0,1450465,1426.1678820234156,1445.2308787457814,1385.3528572423377,41.77493100465462,36.74644252232143,SIDEWAYS
2024-10-17,1387.9473876953125,1394.699951171875,1408.0,1387.550048828125,1403.800048828125,1418861,1423.1709362280308,1443.2492737428831,1385.4458631520843,36.35249630132434,36.225010463169646,SIDEWAYS
2024-10-18,1398.7945556640625,1405.5999755859375,1410.550048828125,1376.0,1389.0,1290065,1421.4975114049744,1441.772830677905,1385.646401584262,40.88803019887777,36.367867606026785,SIDEWAYS
2024-10-21,1368.84033203125,1375.5,1412.9000244140625,1371.300048828125,1409.9000244140625,1644382,1417.116796033072,1439.1738961415167,1385.545442364518,37.96359397345013,37.571437290736604,SIDEWAYS
2024-10-22,1356.2515869140625,1362.8499755859375,1387.0999755859375,1353.9000244140625,1374.699951171875,2467299,1411.948527419059,1436.1808012177687,1385.3196168244326,32.283740213406944,38.16786411830357,SIDEWAYS
2024-10-23,1333.9599609375,1340.449951171875,1370.800048828125,1335.199951171875,1362.800048828125,1916219,1405.1391392050414,1432.426650235577,1384.8731524895813,34.616093681863134,36.796439034598215,SIDEWAYS
2024-10-24,1347.842529296875,1354.4000244140625,1359.0,1336.199951171875,1345.0,1115993,1400.3068425582815,1429.366782556302,1384.5699372848499,39.330717982709864,35.41072300502232,SIDEWAYS
2024-10-25,1312.3153076171875,1318.699951171875,1368.0,1304.1500244140625,1360.0,2078274,1392.534757664338,1425.0269068157363,1383.9145145374573,42.84595235292485,33.764290945870535,SIDEWAYS
2024-10-28,1345.653076171875,1352.199951171875,1364.0999755859375,1303.1500244140625,1326.8499755859375,2126411,1388.6933475221988,1422.1709477708791,1383.598946742775,35.271914374745975,32.2357177734375,SIDEWAYS
2024-10-29,1366.0538330078125,1372.699951171875,1377.449951171875,1322.0,1364.699951171875,3790528,1387.170166917406,1420.2309086885653,1383.4904990256516,42.468655163489004,34.153573172433035,SIDEWAYS
2024-10-30,1389.4400634765625,1396.199951171875,1414.9000244140625,1358.050048828125,1379.949951171875,2526884,1388.0301463702126,1419.288518197715,1383.616961236062,45.79664223960156,36.557137625558035,SIDEWAYS
2024-10-31,1369.2880859375,1375.949951171875,1408.0,1372.0999755859375,1407.949951171875,1891761,1386.8796515894187,1417.5889665496427,1383.540672578707,43.814629156392854,37.57499476841518,SIDEWAYS
2024-11-01,1387.6488037109375,1394.4000244140625,1397.949951171875,1378.4000244140625,1386.5,243881,1387.595877572718,1416.679596269816,1383.6487258308002,47.135134516907925,37.799996512276785,SIDEWAYS
2024-11-04,1342.7174072265625,1349.25,1395.0,1336.0,1394.199951171875,1700308,1383.9438892324592,1414.0352983768823,1383.3064499518869,38.63746040967784,40.75,SIDEWAYS
2024-11-05,1322.913818359375,1329.3499755859375,1353.050048828125,1295.9000244140625,1350.0,4852958,1378.7444688851715,1410.714305326257,1382.7695696099372,38.22180422813465,42.81071254185268,SIDEWAYS
2024-11-06,1363.366943359375,1370.0,1382.0,1315.199951171875,1330.0,3645515,1377.9116623246791,1409.117665901698,1382.6425092158083,46.447076109851935,46.121433803013396,SIDEWAYS
2024-11-07,1346.548828125,1353.0999755859375,1372.949951171875,1350.0,1372.949951171875,1292794,1375.548644540037,1406.9208937324527,1382.3485536573023,42.576364641898664,45.292855398995535,SIDEWAYS
2024-11-08,1355.5052490234375,1362.0999755859375,1367.300048828125,1338.5999755859375,1353.0999755859375,1400491,1374.2678189253609,1405.1632106678835,1382.1470752685325,47.984960954063794,44.371433803013396,SIDEWAYS
2024-11-11,1341.3740234375,1347.9000244140625,1357.949951171875,1339.050048828125,1355.0999755859375,1269498,1371.7566004004752,1402.917595520675,1381.8063085933638,47.76232030227951,43.646432059151785,SIDEWAYS
2024-11-12,1319.5799560546875,1326.0,1354.800048828125,1320.0,1348.050048828125,1038042,1367.3988289337633,1399.9012192257464,1381.2510219406936,47.83391718183429,43.589285714285715,SIDEWAYS
2024-11-13,1281.66455078125,1287.9000244140625,1329.25,1284.8499755859375,1322.0,1437072,1359.8275142176014,1395.5090155076412,1380.3221562936624,40.70450605402896,45.13214111328125,SIDEWAYS
2024-11-14,1258.4276123046875,1264.550048828125,1296.6500244140625,1260.6500244140625,1289.949951171875,2963013,1350.753469894794,1390.3733697555033,1379.1701950253487,42.16014376262766,43.142857142857146,SIDEWAYS
2024-11-18,1273.106201171875,1279.300048828125,1288.9000244140625,1261.300048828125,1264.0,1445637,1343.948382174159,1386.0175532485473,1378.1764622273665,38.839577381192655,40.760716029575896,SIDEWAYS
2024-11-19,1283.406005859375,1289.6500244140625,1321.449951171875,1282.0,1285.0,2631778,1338.7771100065306,1382.2384344707245,1377.2956021496223,36.87787841113056,39.81071254185268,SIDEWAYS
2024-11-21,1109.2532958984375,1114.6500244140625,1160.699951171875,995.6500244140624,1160.699951171875,46926687,1317.4316732834386,1371.7447713312476,1374.6822133164326,19.9166702969938,56.75000000000001,DOWN
2024-11-22,1131.246337890625,1136.75,1155.9000244140625,1054.0,1072.5999755859375,27086168,1300.223894875492,1362.5292901025712,1372.3147286068165,24.542366293007177,61.46428571428572,DOWN
2024-11-25,1161.15087890625,1166.800048828125,1191.4000244140625,1139.699951171875,1185.0,10532688,1287.5168619186,1354.8536335820047,1370.269806419964,26.36061860788628,63.79643031529019,DOWN
2024-11-26,1123.384521484375,1128.8499755859375,1174.449951171875,1119.3499755859375,1172.050048828125,5802555,1272.405729886918,1345.9907450331393,1367.8676190484812,26.76086141160316,63.51785714285715,DOWN
2024-11-27,1194.1402587890625,1199.949951171875,1231.699951171875,1102.0,1102.0,24434211,1265.5051795331044,1340.2636550777956,1366.1967964825449,37.6855711456835,68.69999476841518,DOWN
2024-11-28,1161.9468994140625,1167.5999755859375,1226.9000244140625,1163.1500244140625,1196.6500244140625,15602469,1256.180874395279,1333.4925303918405,1364.2207087124295,30.429314062071015,68.48213413783483,DOWN
2024-11-29,1184.288330078125,1190.050048828125,1215.5999755859375,1168.9000244140625,1175.0,9412850,1249.8827005317405,1327.8673350364006,1362.487667320546,34.401614929550036,70.27142333984376,DOWN
2024-12-02,1209.91357421875,1215.800048828125,1220.9000244140625,1189.4000244140625,1201.9000244140625,6941125,1246.6367337028248,1323.472539498821,1361.0280890270892,36.43864292398441,70.47141810825893,DOWN
2024-12-03,1282.410888671875,1288.6500244140625,1309.5,1220.0,1226.949951171875,16753958,1250.6379994848473,1322.1069506719678,1360.307909279696,45.04640120704781,75.51784842354911,DOWN
2024-12-04,1263.4033203125,1269.550048828125,1301.0,1262.0,1301.0,4874025,1252.43914704135,1320.0458956976995,1359.4048459916207,45.25829893558379,75.81784493582589,DOWN
2024-12-05,1270.8670654296875,1277.050048828125,1284.800048828125,1254.199951171875,1274.0,4369917,1254.7830424496142,1318.3597840557554,1358.585395273576,49.03923004367205,74.83213588169643,DOWN
2024-12-06,1252.9542236328125,1259.050048828125,1282.5,1256.0999755859375,1279.0,2232531,1255.1894240094723,1316.0339120860444,1357.5949938164074,49.508314006808696,74.14642333984375,DOWN
2024-12-09,1260.71630859375,1266.8499755859375,1277.550048828125,1249.0,1257.800048828125,2849557,1256.2999527310403,1314.1051302625108,1356.6920583116266,48.87299051394179,74.21428571428571,DOWN
2024-12-10,1242.7039794921875,1248.75,1272.9000244140625,1244.4000244140625,1272.9000244140625,2406907,1255.5809096137982,1311.5421839777066,1355.6180079801677,46.34886393529336,73.23929268973214,DOWN
2024-12-11,1227.826416015625,1233.800048828125,1258.3499755859375,1230.75,1254.0999755859375,2595435,1253.5065419199245,1308.49347279537,1354.4058889836301,64.89189429175863,54.210719517299104,DOWN
2024-12-12,1237.97705078125,1244.0,1268.0,1223.449951171875,1233.800048828125,5457302,1252.6011569751697,1305.964316999473,1353.3073229240915,63.81553870713307,50.114292689732146,DOWN
2024-12-13,1253.8497314453125,1259.949951171875,1262.0,1230.0,1241.949951171875,2818291,1253.3010421367605,1304.1598320650576,1352.3783938519302,62.451537358985135,48.496433803013396,DOWN
2024-12-16,1237.131103515625,1243.1500244140625,1261.8499755859375,1240.949951171875,1258.0,1337624,1252.3342785441228,1301.767290588548,1351.2915444047871,66.19441194844332,46.053580147879465,DOWN
2024-12-17,1225.9356689453125,1231.9000244140625,1259.5,1229.050048828125,1235.0999755859375,2684726,1250.3881591031645,1299.0273977973916,1350.1035690814965,55.45130657655823,38.96429443359375,DOWN
2024-12-18,1204.19140625,1210.050048828125,1238.9000244140625,1207.25,1236.0,1931870,1246.5464343150657,1295.5380899946751,1348.7100017157916,57.51196618750073,36.671439034598215,DOWN
2024-12-19,1199.1658935546875,1205.0,1209.0,1185.0,1187.5,1541271,1242.5896310469643,1291.9875766615507,1347.280051449963,52.81915339306646,35.032156808035715,DOWN
2024-12-20,1176.7249755859375,1182.449951171875,1215.9000244140625,1176.199951171875,1205.0,3045185,1236.862042487432,1287.6919835050928,1345.6399509496835,43.63425559161412,35.61787632533482,DOWN
2024-12-23,1186.02978515625,1191.800048828125,1199.0,1174.25,1189.949951171875,1540796,1232.5704240436885,1283.931515478545,1344.1092056549417,25.598372640479397,30.692879813058035,DOWN
2024-12-24,1176.4761962890625,1182.199951171875,1203.0999755859375,1180.0,1198.0,1380778,1227.7732361511348,1279.9420423684794,1342.4981682969012,26.885387608067305,29.557163783482142,DOWN
2024-12-26,1237.92724609375,1243.949951171875,1249.0,1182.550048828125,1187.0,3827047,1229.3138756769197,1278.53058781175,1341.5175890220253,43.19487987214738,32.142874581473215,DOWN
2024-12-27,1224.7413330078125,1230.699951171875,1250.949951171875,1225.75,1248.449951171875,2595142,1229.4458828669153,1276.6548765709706,1340.4149259588398,44.055335822691106,32.057155064174104,DOWN
2024-12-30,1212.6004638671875,1218.5,1258.800048828125,1212.0,1233.75,8312636,1228.403417831971,1274.3742931760305,1339.2018421184534,40.04529947567817,33.360726492745535,DOWN
2024-12-31,1225.139404296875,1231.0999755859375,1236.800048828125,1208.1500244140625,1222.0,1717204,1228.6602328561582,1272.677261113674,1338.1262016554433,46.28185670327319,33.37144252232143,DOWN
2025-01-01,1212.7994384765625,1218.699951171875,1231.800048828125,1206.3499755859375,1223.0,1937930,1227.7116346005123,1270.5605038610545,1336.9378807551093,46.7844773176978,33.21787806919643,DOWN
2025-01-02,1220.064208984375,1226.0,1228.4000244140625,1208.0999755859375,1223.800048828125,3772207,1227.548621781416,1268.8130331214052,1335.8340212451083,46.11901926909459,31.485735212053573,DOWN
2025-01-03,1193.7423095703125,1199.550048828125,1237.5999755859375,1197.0,1234.5,3040564,1224.8820910239597,1266.0968376589237,1334.4779618180737,37.5412817979375,32.10001918247768,DOWN
2025-01-06,1157.4189453125,1163.050048828125,1200.9000244140625,1158.050048828125,1199.550048828125,2298522,1218.9933251005468,1262.0557871165395,1332.7722114400642,34.71959014961868,33.667872837611604,DOWN
2025-01-07,1168.31591796875,1174.0,1182.1500244140625,1162.050048828125,1163.050048828125,2010913,1214.7082465195424,1258.6026189943223,1331.1923884406606,38.9419429683023,32.9285888671875,DOWN
2025-01-08,1146.7210693359375,1152.300048828125,1183.550048828125,1141.0999755859375,1183.550048828125,2900996,1208.7646086441694,1254.4338907525105,1329.4123651609339,38.96427141816092,33.700020926339285,DOWN
2025-01-09,1126.8675537109375,1132.3499755859375,1156.699951171875,1129.949951171875,1156.699951171875,1884725,1201.4870245433854,1249.6462862361743,1327.451545364168,36.864946751245526,33.821446010044646,DOWN
2025-01-10,1106.8150634765625,1112.199951171875,1137.4000244140625,1106.300048828125,1134.9000244140625,1902237,1192.9834937460987,1244.2562338807115,1325.309738456782,37.187677828944025,33.2071533203125,DOWN
2025-01-13,1061.4857177734375,1066.6500244140625,1106.449951171875,1058.949951171875,1100.9000244140625,2273302,1180.9517347620952,1237.2912844898626,1322.7360099588448,29.837274970333,35.242867606026785,DOWN
2025-01-14,1111.69140625,1117.0999755859375,1131.4000244140625,1075.050048828125,1078.8499755859375,6277854,1174.8706148405563,1232.5778998269636,1320.689880263592,40.73177573114487,38.217869349888396,DOWN
2025-01-15,1123.434326171875,1128.9000244140625,1141.949951171875,1118.5,1125.0,3135942,1170.4924633713663,1228.5121007911634,1318.7815234889697,30.90456873402195,35.221435546875,DOWN
2025-01-16,1145.178466796875,1150.75,1190.0,1145.4000244140625,1179.949951171875,3997547,1168.6122287645694,1225.4626066424903,1317.1095680313679,37.0985978749473,37.78572300502232,DOWN
2025-01-17,1157.8668212890625,1163.5,1173.6500244140625,1145.5,1163.0,2464355,1168.1253498346105,1223.0327004996475,1315.5811146181206,41.140461130188974,36.453578404017854,DOWN
2025-01-20,1143.138427734375,1148.699951171875,1172.0,1146.5,1172.0,1312101,1166.2753118667308,1220.117690722088,1313.9206055291033,36.820212596048364,36.22857666015625,DOWN
2025-01-21,1100.8441162109375,1106.199951171875,1154.25,1104.0,1150.0,3134022,1160.5538489434111,1215.6503283867855,1311.8537333464444,33.58622468207214,38.0,DOWN
2025-01-22,1096.913330078125,1102.25,1118.050048828125,1080.449951171875,1115.5,1906032,1155.001101424991,1211.203256685343,1309.7681240594152,31.766604771158086,39.2357177734375,DOWN
2025-01-23,1098.65478515625,1104.0,1114.25,1089.6500244140625,1102.25,1968815,1150.1438536702299,1206.9992074035647,1307.7206800389235,34.816450264818755,38.092860630580354,DOWN
2025-01-24,1088.8525390625,1094.1500244140625,1115.0,1088.25,1104.1500244140625,2400140,1144.8111080267854,1202.5737492471137,1305.5955988884273,38.03818513581388,36.942862374441965,DOWN
2025-01-27,1076.7613525390625,1082.0,1093.5999755859375,1067.550048828125,1085.0999755859375,2371555,1138.8290977385202,1197.8453669236976,1303.3707670586919,34.09404987324439,37.40714808872768,DOWN
2025-01-28,1075.4676513671875,1080.699951171875,1096.6500244140625,1061.25,1087.0,2404643,1133.2929885416968,1193.2514290510771,1301.1551370498678,36.68153187315226,36.903573172433035,DOWN
2025-01-29,1091.638916015625,1096.949951171875,1102.8499755859375,1074.5,1085.0,4603700,1129.8317468874282,1189.474900506795,1299.1232446530719,43.323269016562605,37.017857142857146,DOWN
2025-01-30,1071.8353271484375,1077.050048828125,1118.5,1010.75,1103.9000244140625,14097862,1124.8049185008279,1185.066082793906,1296.9135611125253,43.364183163183,42.49285888671875,DOWN
2025-01-31,1094.02734375,1099.3499755859375,1109.25,1074.0,1085.0,4659891,1122.3806382232192,1181.704666824966,1294.9477542913653,56.76737810392758,41.207144601004465,DOWN
2025-02-01,1078.8511962890625,1084.0999755859375,1117.5,1063.0,1105.9000244140625,4919797,1118.7348608291925,1177.877031874416,1292.8497664435502,42.005810171111435,40.475001743861604,DOWN
2025-02-03,1079.5975341796875,1084.8499755859375,1094.0,1055.0,1084.0,3961203,1115.5077289012634,1174.228912019966,1290.7801167832756,38.725343778002454,41.4857177734375,DOWN
2025-02-04,1119.6527099609375,1125.0999755859375,1127.9000244140625,1091.75,1100.0,4071098,1116.4212762045656,1172.3022870617688,1289.131558164397,43.999990862567884,40.196437290736604,DOWN
2025-02-05,1138.8094482421875,1144.3499755859375,1154.9000244140625,1123.550048828125,1126.0,2979646,1119.081152336125,1171.2061179842851,1287.6909454024221,45.65265947158074,40.42500523158482,DOWN
2025-02-06,1158.4141845703125,1164.050048828125,1169.4000244140625,1140.0999755859375,1155.5999755859375,6263278,1123.3639043829821,1170.9254878212985,1286.460687725066,53.40886171756229,40.696437290736604,DOWN
2025-02-07,1140.551025390625,1146.0999755859375,1175.6500244140625,1132.800048828125,1160.0,4079540,1125.5292444975494,1169.9519383218726,1285.0640637236818,59.94517180211949,40.16786411830357,DOWN
2025-02-10,1138.66015625,1144.199951171875,1158.8499755859375,1127.25,1150.0,2415627,1127.3074070379612,1168.9420564728532,1283.6624307629675,60.56407475582869,39.739283970424104,DOWN
2025-02-11,1134.580078125,1140.0999755859375,1160.0,1114.050048828125,1144.199951171875,4901591,1128.5257468996733,1167.810994477288,1282.2339486219025,58.984562269523195,41.2642822265625,DOWN
2025-02-12,1123.4840087890625,1128.949951171875,1144.199951171875,1098.949951171875,1140.0,2862155,1128.5661473065497,1166.2870319947228,1280.7087347169272,58.60532001789398,42.58571079799107,DOWN
2025-02-13,1106.1683349609375,1111.550048828125,1151.6500244140625,1106.050048828125,1133.800048828125,3763868,1126.9455664990808,1164.1404836352485,1279.0255637130585,57.12221156505416,43.94285365513393,DOWN
2025-02-14,1057.5548095703125,1062.699951171875,1120.0,1042.1500244140625,1120.0,4565339,1120.8269364679184,1160.1624235386457,1276.8730700559324,46.470588235294116,46.97499302455357,DOWN
2025-02-17,1077.656982421875,1082.9000244140625,1089.300048828125,1040.0,1058.949951171875,2518527,1117.2148496056464,1157.1325255337601,1274.9429899997945,47.28713597530593,48.471426827566965,DOWN
2025-02-18,1079.8961181640625,1085.1500244140625,1087.9000244140625,1061.949951171875,1082.9000244140625,1715308,1114.1610567302573,1154.3096823525955,1273.0545027800358,51.678402372401706,42.628574916294646,DOWN
2025-02-19,1077.607177734375,1082.8499755859375,1091.699951171875,1054.550048828125,1061.5999755859375,1792268,1111.179049002227,1151.5073409107658,1271.1619204198958,46.27203385529861,42.7642822265625,DOWN
2025-02-20,1106.3175048828125,1111.699951171875,1126.0,1074.0,1074.199951171875,3714173,1111.2286587326696,1149.9462668033584,1269.5752341587215,55.874828444377,42.58571079799107,DOWN
2025-02-21,1078.0052490234375,1083.25,1119.0999755859375,1080.0,1111.699951171875,2360177,1108.5640245676534,1147.330726928717,1267.7212517292814,49.69535905423013,42.59285191127232,DOWN
2025-02-24,1065.217529296875,1070.4000244140625,1083.25,1065.699951171875,1083.25,1669749,1104.929357886359,1144.3138366340247,1265.7578564326125,38.37161867591189,40.77142333984375,DOWN
2025-02-25,1075.119384765625,1080.3499755859375,1091.4000244140625,1067.75,1074.5999755859375,1665355,1102.5884643339377,1141.8054499262566,1263.9130018968249,35.83444920332826,40.221426827566965,DOWN
2025-02-27,1073.72607421875,1078.949951171875,1087.949951171875,1069.0999755859375,1083.0,1819078,1100.3371773661222,1139.340528406477,1262.0725735314024,29.50383968576905,39.47499302455357,DOWN
2025-02-28,1064.222412109375,1069.4000244140625,1082.9000244140625,1059.199951171875,1074.0,2849138,1097.3907818468783,1136.5977635440295,1260.1554337391904,30.747999504855244,38.107142857142854,DOWN
2025-03-03,1047.9515380859375,1053.050048828125,1081.0,1040.5999755859375,1074.949951171875,2274285,1093.1678548927114,1133.3213825747785,1258.0946836405728,28.66839597307768,38.7357177734375,DOWN
2025-03-04,1052.8277587890625,1057.949951171875,1063.0,1036.5,1047.949951171875,1788886,1089.8137688240604,1130.3656401668213,1256.1031937652624,30.846330174700995,37.346435546875,DOWN
2025-03-05,1107.3126220703125,1112.699951171875,1118.6500244140625,1055.0,1056.800048828125,3785743,1091.993405238138,1129.6728680493725,1254.6762958290099,46.851383007307675,38.66072300502232,DOWN
2025-03-06,1130.6988525390625,1136.199951171875,1148.75,1101.8499755859375,1118.199951171875,4020627,1096.2035524699224,1129.9288320933922,1253.4974267279438,54.665892761086845,38.75358363560268,DOWN
2025-03-07,1138.958740234375,1144.5,1156.949951171875,1134.0999755859375,1136.199951171875,2211623,1100.8032141394538,1130.5002504426711,1252.412875218213,68.29161503059949,34.82501220703125,DOWN
2025-03-10,1137.3665771484375,1142.9000244140625,1168.6500244140625,1136.949951171875,1146.0,2430740,1104.8124341656069,1130.9865160886081,1251.323195110709,64.63416376972629,33.56787109375,DOWN
2025-03-11,1129.5047607421875,1135.0,1145.9000244140625,1124.4000244140625,1137.300048828125,2399428,1107.6874404355492,1131.143907614545,1250.1657503832396,61.83242999855705,33.250008719308035,DOWN
2025-03-12,1122.8372802734375,1128.300048828125,1155.1500244140625,1105.0,1139.0,2842848,1109.6505459967468,1131.0323837405676,1248.953156337915,60.56734255290525,34.1785888671875,DOWN
2025-03-13,1113.78125,1119.199951171875,1139.449951171875,1115.050048828125,1135.0,1358839,1110.5600131562828,1130.5683667770895,1247.6620796695963,51.920124808112526,32.2071533203125,DOWN
2025-03-17,1131.6444091796875,1137.1500244140625,1148.550048828125,1111.199951171875,1114.800048828125,1489537,1113.0923951808334,1130.8264709981474,1246.5624572292427,64.58334571871896,32.082162039620535,DOWN
2025-03-18,1131.6444091796875,1137.1500244140625,1137.1500244140625,1137.1500244140625,1137.1500244140625,0,1115.3835979649505,1131.0744534850462,1245.4737763057085,69.40971763733712,30.828587123325892,DOWN
2025-03-19,1167.818359375,1173.5,1184.5,1158.800048828125,1160.0,2416781,1120.91849339686,1132.7382004072012,1244.7576193275424,73.48122911003438,32.52144077845982,DOWN
2025-03-20,1171.7491455078125,1177.449951171875,1186.949951171875,1161.199951171875,1185.0,1919013,1126.3024417563852,1134.4916023979727,1244.0878912861924,74.51469583879177,33.01429966517857,DOWN
2025-03-21,1183.0443115234375,1188.800048828125,1202.550048828125,1172.050048828125,1182.0,3127446,1132.2545948108366,1136.6213453952337,1243.53776350054,79.45238807866697,33.500008719308035,DOWN
2025-03-24,1194.9862060546875,1200.800048828125,1210.8499755859375,1186.050048828125,1196.0,2135192,1138.7827332886734,1139.138157294563,1243.1125126082773,87.24475100991825,32.385716029575896,DOWN
2025-03-25,1176.7249755859375,1182.449951171875,1209.0999755859375,1174.550048828125,1205.0,2090037,1142.9415159442165,1140.8366590152418,1242.5089050317958,79.3908941897378,32.96071079799107,SIDEWAYS
2025-03-26,1175.879150390625,1181.5999755859375,1202.199951171875,1173.050048828125,1183.0,1676081,1146.6232740053329,1142.4352204493869,1241.9028460323348,71.81757670355054,30.496416364397323,SIDEWAYS
2025-03-27,1190.955810546875,1196.75,1212.0,1175.0,1182.0,2004036,1151.3972479095867,1144.5652118043129,1241.4535639822618,70.24404219682054,29.789271763392858,SIDEWAYS
2025-03-28,1177.2225341796875,1182.949951171875,1205.0,1175.199951171875,1197.699951171875,1670913,1154.4022672678998,1146.07049570108,1240.871438481661,62.39918688177664,30.28570556640625,SIDEWAYS
2025-04-01,1169.062255859375,1174.75,1202.0,1168.050048828125,1179.0,1584541,1156.3401465757188,1147.1951821441749,1240.2135137206494,59.851507167512814,30.4464111328125,SIDEWAYS
2025-04-02,1189.6619873046875,1195.449951171875,1198.949951171875,1167.3499755859375,1182.4000244140625,1232853,1160.0648898705908,1149.087526027614,1239.7681051380746,67.32584794863327,31.167837960379465,SIDEWAYS
2025-04-03,1194.090576171875,1199.9000244140625,1205.800048828125,1170.25,1170.25,1300511,1163.8587122080642,1151.080173023161,1239.3714078174378,70.78973391981796,30.124982561383927,SIDEWAYS
2025-04-04,1142.7900390625,1148.3499755859375,1200.0999755859375,1143.0,1196.0,1785093,1162.3816896726237,1150.9731064569955,1238.4657219245871,56.79012064842486,32.460702078683035,SIDEWAYS
2025-04-07,1105.272705078125,1110.6500244140625,1119.0,1041.5,1049.949951171875,2192949,1157.4548644099036,1149.3918091219784,1237.1939239394078,44.347273157150845,37.424979073660715,SIDEWAYS
2025-04-08,1125.8724365234375,1131.3499755859375,1155.6500244140625,1111.050048828125,1135.0,2423486,1154.9686845219069,1148.684286238212,1236.1407503239504,48.863181770329895,40.63926478794643,SIDEWAYS
2025-04-09,1126.3203125,1131.800048828125,1135.5999755859375,1112.0,1133.8499755859375,1537177,1152.7621477891657,1148.0221592809537,1235.1025343886686,40.48815829921457,38.942836216517854,SIDEWAYS
2025-04-11,1158.9117431640625,1164.550048828125,1170.300048828125,1148.0,1163.0,3536245,1153.8848050309714,1148.6703118122152,1234.4005196069716,47.39921579745799,39.853550502232146,SIDEWAYS
2025-04-15,1204.9378662109375,1210.800048828125,1225.9000244140625,1179.0,1200.0,3176522,1159.305304440224,1151.1067720873489,1234.1656890519582,53.88829773921929,42.057120186941965,SIDEWAYS
2025-04-16,1226.9307861328125,1232.9000244140625,1235.5,1201.5999755859375,1210.0,1909731,1166.3143253901133,1154.3143506099652,1234.1530953739693,55.47780925125935,42.707127162388396,SIDEWAYS
2025-04-17,1253.302490234375,1259.4000244140625,1282.5,1218.5999755859375,1232.9000244140625,4280765,1175.1796300590609,1158.4353574258123,1234.404308598249,62.776036361263245,44.803562709263396,SIDEWAYS
2025-04-21,1237.081298828125,1243.0999755859375,1260.0,1209.4000244140625,1259.4000244140625,6049182,1181.6482343949538,1161.755538530131,1234.4908326478776,59.71256807172149,46.33571079799107,SIDEWAYS
2025-04-22,1227.229248046875,1233.199951171875,1255.5999755859375,1227.0,1249.5999755859375,2932537,1186.5579217070415,1164.5572802023562,1234.4779880560766,55.85353135365289,45.735709054129465,SIDEWAYS
2025-04-23,1233.1007080078125,1239.0999755859375,1242.800048828125,1216.800048828125,1240.0999755859375,2580999,1191.561926838365,1167.4805231585751,1234.523977981747,59.251937858200556,45.46427699497768,SIDEWAYS
2025-04-24,1230.413818359375,1236.4000244140625,1248.0,1231.5999755859375,1238.0,2133285,1195.8322218455744,1170.183248698006,1234.542645110427,60.34569714033105,44.21071079799107,SIDEWAYS
2025-04-25,1187.2239990234375,1193.0,1243.4000244140625,1181.199951171875,1236.300048828125,3628854,1195.5624864317103,1171.0780232588686,1234.129285457587,49.617971300070124,46.396432059151785,SIDEWAYS
2025-04-28,1204.0421142578125,1209.9000244140625,1214.699951171875,1184.0999755859375,1188.0999755859375,2646406,1196.9279662395534,1172.6004546767194,1233.8881982830246,51.501050295445985,46.042855398995535,SIDEWAYS
2025-04-29,1210.5106201171875,1216.4000244140625,1223.9000244140625,1202.5,1212.0,2381980,1198.782447970459,1174.3180848624977,1233.7141866027366,61.812191857799235,43.49285888671875,SIDEWAYS
2025-04-30,1210.610107421875,1216.5,1226.5,1203.9000244140625,1215.0999755859375,1824334,1200.4698338780345,1175.9722776129881,1233.5429011639035,71.13195141364156,37.475001743861604,SIDEWAYS
2025-05-02,1256.9844970703125,1263.0999755859375,1295.0,1242.699951171875,1255.0,10694521,1206.434609278787,1179.3890500825157,1233.8370014069087,73.8375164541977,39.86785888671875,SIDEWAYS
2025-05-05,1340.577880859375,1347.0999755859375,1377.0,1285.699951171875,1290.0,14191797,1219.831310831849,1185.9659491218656,1234.9639961748594,79.91107420850177,46.317862374441965,SIDEWAYS
2025-05-06,1314.4052734375,1320.800048828125,1356.300048828125,1315.0,1350.0,3604276,1229.4473811172086,1191.2535608750522,1235.8180862510112,72.10355376793065,46.51786586216518,SIDEWAYS
2025-05-07,1331.720947265625,1338.199951171875,1341.300048828125,1298.699951171875,1298.800048828125,3269847,1239.8047687414623,1197.016164416104,1236.8368112750993,69.62414661681564,45.1785888671875,SIDEWAYS
2025-05-08,1326.6456298828125,1333.0999755859375,1366.9000244140625,1316.4000244140625,1340.0,5077662,1248.6900265361742,1202.3527844619798,1237.794653706053,66.28738603524485,46.36430140904018,SIDEWAYS
2025-05-09,1299.9754638671875,1306.300048828125,1324.9000244140625,1292.5999755859375,1300.0,2979366,1254.1766953258837,1206.429147770456,1238.4762994286607,57.616118526036594,44.69287109375,SIDEWAYS
2025-05-12,1355.5052490234375,1362.0999755859375,1375.0,1345.5,1360.0,3662785,1264.4551029696984,1212.533886116161,1239.7063857585838,67.12724770880754,45.985726492745535,SIDEWAYS
2025-05-13,1362.57080078125,1369.199951171875,1391.9000244140625,1347.0999755859375,1360.5999755859375,3356599,1274.430802798477,1218.677653373248,1240.9948789467758,69.7330461643098,47.142874581473215,SIDEWAYS
2025-05-14,1365.1583251953125,1371.800048828125,1381.9000244140625,1362.0,1380.0,1557379,1283.7040643251103,1224.6824531950078,1242.2964229256947,69.44040384459251,46.707162039620535,SIDEWAYS
2025-05-15,1399.3916015625,1406.199951171875,1409.9000244140625,1371.9000244140625,1375.5999755859375,3706424,1295.3703392628975,1231.8007864490025,1243.9273038037663,72.76140663100989,48.25715855189732,SIDEWAYS
2025-05-16,1400.5859375,1407.4000244140625,1424.9000244140625,1401.0,1410.9000244140625,2777119,1306.039833086818,1238.6870310750833,1245.5538980386948,82.40632256926519,45.52144077845982,SIDEWAYS
2025-05-19,1391.530029296875,1398.300048828125,1410.5999755859375,1392.0,1407.5,1317210,1314.8265203002757,1244.9463651046144,1247.0737602356046,79.1641235322729,44.664297921316965,SIDEWAYS
2025-05-20,1377.896240234375,1384.5999755859375,1407.300048828125,1381.4000244140625,1399.0,2970441,1321.4716112798626,1250.4229772803526,1248.4421802888417,75.46942768122393,44.985726492745535,UP
2025-05-21,1377.896240234375,1384.5999755859375,1391.0,1370.199951171875,1380.0,1993690,1327.4838364518698,1255.68482035116,1249.796984222146,75.46199823458302,44.85716029575893,UP
2025-05-22,1364.76025390625,1371.4000244140625,1408.0,1358.5999755859375,1380.0999755859375,3186493,1331.6663305435072,1260.2226714908816,1251.006964721568,68.25078459155982,42.778590611049104,UP
2025-05-23,1388.64404296875,1395.4000244140625,1398.5,1375.0,1383.0999755859375,1715309,1337.7362061502267,1265.5237441545357,1252.44371158418,60.20281128226074,36.578587123325896,UP
2025-05-26,1393.420654296875,1400.199951171875,1410.5999755859375,1394.800048828125,1395.800048828125,1024835,1343.6851342475265,1270.8051640375686,1253.913922923361,68.44795781534685,34.757149832589285,UP
2025-05-27,1397.4013671875,1404.199951171875,1419.0,1385.4000244140625,1397.0,2571237,1349.4484501450836,1276.0363321604827,1255.4093062890179,66.35284040591745,34.114283970424104,UP
2025-05-28,1404.16845703125,1411.0,1427.800048828125,1403.0,1405.0,2035398,1355.3105025122184,1281.3290250169343,1256.957472395595,69.14006661983802,32.278573172433035,UP
2025-05-29,1431.634765625,1438.5999755859375,1441.0,1410.5,1421.0,1662886,1363.242833281144,1287.4965132745422,1258.7648604870412,82.3788483083128,31.564287458147323,UP
2025-05-30,1425.8629150390625,1432.800048828125,1457.5,1428.800048828125,1442.0,2575127,1369.867329999904,1293.1946911393886,1260.4965539033706,72.90995035699453,28.707144601004465,UP
2025-06-02,1460.8924560546875,1468.0,1482.0,1425.300048828125,1432.800048828125,3164701,1379.2132985713417,1300.0498012907851,1262.5612648098047,77.08336121856219,29.557137625558035,UP
2025-06-03,1425.3653564453125,1432.300048828125,1472.0,1426.699951171875,1470.0,3677200,1384.269179548178,1305.2360855079357,1264.250207934365,64.03713887255618,31.371425083705358,UP
2025-06-04,1429.2464599609375,1436.199951171875,1441.0999755859375,1423.0999755859375,1432.300048828125,1446972,1389.2149673218635,1310.3719233771099,1265.9611506531464,58.10811880822267,29.935712541852677,UP
2025-06-05,1449.6470947265625,1456.699951171875,1467.699951171875,1438.0,1443.800048828125,2019939,1395.6421086409123,1316.1102774082772,1267.8590491657708,62.065590637795964,30.478567940848215,UP
2025-06-06,1464.5745849609375,1471.699951171875,1478.9000244140625,1453.699951171875,1456.699951171875,1269864,1402.8857126914802,1322.2118332421437,1269.8873168474236,67.45956342670777,30.950003487723215,UP
2025-06-09,1459.996826171875,1467.0999755859375,1484.0,1463.0999755859375,1482.0,1493331,1409.0013567766666,1327.8937211771945,1271.8496318597472,70.51222283732992,30.592860630580358,UP
2025-06-10,1466.6644287109375,1473.800048828125,1494.0,1469.800048828125,1472.0,2125187,1415.1726607815674,1333.6155379478193,1273.8590887450048,71.46299554425056,31.028573172433035,UP
2025-06-11,1449.3486328125,1456.4000244140625,1476.0,1448.800048828125,1473.800048828125,2192673,1419.0990763656146,1338.4306158484565,1275.675416463105,70.04719289780284,29.442853655133927,UP
2025-06-12,1438.800048828125,1445.800048828125,1465.5999755859375,1440.0999755859375,1459.800048828125,2192452,1421.6420261239489,1342.641181847659,1277.3681988746973,62.68884505715984,29.328569684709823,UP
2025-06-13,1405.0,1405.0,1423.800048828125,1397.0999755859375,1405.0,3380550,1420.0570712550013,1345.0866256967704,1278.6381670450983,51.02302894826942,31.678580147879465,UP
2025-06-16,1400.5999755859375,1400.5999755859375,1411.199951171875,1375.0,1389.0,2823300,1418.2040145246142,1347.263619810071,1279.851717378838,49.23404734980019,31.864292689732142,UP
2025-06-17,1392.300048828125,1392.300048828125,1414.800048828125,1384.0,1400.5,1571621,1415.7369701725677,1349.0297542813673,1280.9706062489802,46.0465178697702,32.29286411830357,UP
2025-06-18,1372.5999755859375,1372.5999755859375,1395.199951171875,1365.199951171875,1387.0,1732093,1411.628684973841,1349.9540766854682,1281.8823412672584,35.56429521170082,32.257149832589285,UP
2025-06-19,1338.0,1338.0,1372.5999755859375,1331.5999755859375,1370.5,2950283,1404.6164292620465,1349.4852893644695,1282.440725931266,31.585065113676237,33.13572474888393,UP
2025-06-20,1349.300048828125,1349.300048828125,1356.699951171875,1334.5999755859375,1338.0,4541583,1399.3482025540538,1349.4780250297108,1283.105992825762,24.582451569191647,30.664297921316965,UP
2025-06-23,1354.800048828125,1354.800048828125,1364.9000244140625,1335.699951171875,1341.0,3921155,1395.1055212468225,1349.6867318453349,1283.8193665173278,30.93950285631253,29.514299665178573,UP
2025-06-24,1389.5,1389.5,1418.699951171875,1385.0999755859375,1395.0999755859375,7635176,1394.5716620804583,1351.2480364788512,1284.8709151091953,40.025644662385254,32.79286411830357,UP
2025-06-25,1393.0999755859375,1393.0999755859375,1404.0,1385.5,1399.699951171875,1915989,1394.4315014619326,1352.8892889928545,1285.9478211835908,35.35912657934034,31.864292689732142,UP
2025-06-26,1429.300048828125,1429.300048828125,1433.0,1395.199951171875,1399.0,2877806,1397.752315496808,1355.8857893785514,1287.3742115084121,41.107408495965636,32.91428920200893,UP
2025-06-27,1440.199951171875,1440.199951171875,1456.800048828125,1427.0,1434.9000244140625,2888390,1401.794947465862,1359.1922270959367,1288.8948656344169,44.50347029781256,33.55000523158482,UP
2025-06-30,1450.199951171875,1450.199951171875,1453.5,1432.699951171875,1440.800048828125,1586196,1406.4049478188156,1362.761157451856,1290.4998913611578,45.24191579511089,33.114292689732146,UP
2025-07-01,1447.0,1447.0,1459.800048828125,1442.0,1450.300048828125,2134736,1410.2711432646427,1366.064641473352,1292.0571063724894,47.98972896518489,32.44287109375,UP
2025-07-02,1443.9000244140625,1443.9000244140625,1458.0,1440.0,1458.0,1219600,1413.473893850302,1369.1170094318113,1293.5679811788734,49.580197739945376,31.907156808035715,UP
2025-07-03,1431.0999755859375,1431.0999755859375,1451.0999755859375,1426.699951171875,1444.0,978007,1415.152568301315,1371.5477139868751,1294.9364587351627,56.58093424759907,30.171439034598215,UP
2025-07-04,1424.4000244140625,1424.4000244140625,1439.9000244140625,1416.5999755859375,1432.0,608462,1416.033278407291,1373.6203536114708,1296.224653418535,55.932219892242145,29.250017438616073,UP
2025-07-07,1435.5999755859375,1435.5999755859375,1437.800048828125,1417.0,1424.4000244140625,764520,1417.8967733766858,1376.0509270222342,1297.6114725445789,60.63880902493056,28.535731724330358,UP
2025-07-08,1448.5,1448.5,1449.9000244140625,1430.0,1438.0,824935,1420.81136638843,1378.8920671390092,1299.11285092722,69.29336308036974,27.814304896763392,UP
2025-07-09,1443.0,1443.0,1455.800048828125,1438.300048828125,1448.4000244140625,1008636,1422.924569589532,1381.4061037217932,1300.5445638533174,81.32460971698016,26.135733468191965,UP
2025-07-10,1443.0999755859375,1443.0999755859375,1450.199951171875,1437.199951171875,1444.0,1035509,1424.8460368272847,1383.8254712458772,1301.9630256616022,79.9872309902929,25.485735212053573,UP
2025-07-11,1431.699951171875,1431.699951171875,1453.9000244140625,1428.300048828125,1444.0,819864,1425.4987905743885,1385.7029018312105,1303.2539403432966,73.69069466590452,25.228585379464285,UP
2025-07-14,1433.0,1433.0,1446.5,1426.0999755859375,1432.0,718442,1426.2131914720658,1387.5576899946925,1304.5449459120202,66.87355816763704,22.121451241629465,UP
2025-07-15,1445.0999755859375,1445.0999755859375,1449.300048828125,1429.0,1434.4000244140625,735108,1428.011932816244,1389.814250213957,1305.9435034212133,68.9228664333055,22.250026157924108,UP
2025-07-16,1456.699951171875,1456.699951171875,1474.0,1442.9000244140625,1447.5,2488981,1430.74412504059,1392.4372188789735,1307.4435675779364,62.14536781320613,21.621451241629465,UP
2025-07-17,1452.5,1452.5,1464.0,1448.9000244140625,1455.0,1168071,1432.8161131319623,1394.7926220601903,1308.8869151642257,55.79644948629152,20.571446010044642,UP
2025-07-18,1443.0999755859375,1443.0999755859375,1456.5,1429.0999755859375,1452.4000244140625,1147990,1433.7955286037693,1396.6870280808077,1310.222368501755,46.63507876726198,21.042872837611608,UP
2025-07-21,1450.5,1450.5,1453.0999755859375,1430.0,1442.0999755859375,815780,1435.3864306415055,1398.79734070509,1311.6181658300957,51.59526050951304,21.421439034598215,UP
2025-07-22,1420.699951171875,1420.699951171875,1454.5,1417.0999755859375,1454.5,976668,1433.9877183110646,1399.6562666057482,1312.7035567290188,41.495575846907386,22.807155064174108,UP
2025-07-23,1420.800048828125,1420.800048828125,1438.5,1419.0,1430.0,740816,1432.7317497888798,1400.4854345360375,1313.7791437150797,45.8367337674705,22.4571533203125,UP
2025-07-24,1411.5999755859375,1411.5999755859375,1426.0,1405.0,1423.199951171875,598011,1430.71919986479,1400.9212988909355,1314.752485325735,44.92867313064405,22.292864118303573,UP
2025-07-25,1396.300048828125,1396.300048828125,1416.699951171875,1390.0,1411.699951171875,744410,1427.4411854803457,1400.7400733982765,1315.5639038680474,34.919464615113654,22.714285714285715,UP
2025-07-28,1376.0,1376.0,1404.0999755859375,1373.5,1396.300048828125,790020,1422.542024958408,1399.7698744414815,1316.1652580584152,23.67469238679479,23.478567940848215,UP
2025-07-29,1395.9000244140625,1395.9000244140625,1398.699951171875,1373.5999755859375,1376.0,782760,1420.0046915732323,1399.6181156168768,1316.9586388181729,34.51679567899005,24.02142333984375,UP
2025-07-30,1394.0,1394.0,1403.0999755859375,1391.5,1398.800048828125,627316,1417.5280542805435,1399.3977973573915,1317.7252195264498,34.04811893863261,23.921421595982142,UP
2025-07-31,1373.0999755859375,1373.0999755859375,1395.800048828125,1370.300048828125,1382.0999755859375,1412892,1413.2968086905812,1398.3665102290993,1318.2762121240567,32.06858039332873,23.914280482700892,UP
2025-08-01,1347.0999755859375,1347.0999755859375,1375.9000244140625,1342.800048828125,1371.0,1239941,1406.9923483949008,1396.3560578901518,1318.5630157405928,27.166421033709142,24.821419852120535,UP
2025-08-04,1388.9000244140625,1388.9000244140625,1397.0,1345.199951171875,1349.800048828125,1368323,1405.2692699205352,1396.0636644205013,1319.2628864736623,37.0982838439206,27.071419852120535,UP
2025-08-05,1358.0999755859375,1358.0999755859375,1394.199951171875,1346.0,1392.0,3000067,1400.776956174383,1394.574892309342,1319.6493251712968,29.198349529514957,28.2928466796875,UP
2025-08-06,1367.0999755859375,1367.0999755859375,1386.9000244140625,1358.0999755859375,1374.0,2293293,1397.5696246897692,1393.4974445946987,1320.1214709465671,32.340802764902975,29.27142333984375,UP
2025-08-07,1345.4000244140625,1345.4000244140625,1357.9000244140625,1315.0,1351.0,2857406,1392.601091330178,1391.6112712542815,1320.372998841766,30.775320788435764,31.03570556640625,UP
2025-08-08,1325.0,1325.0,1356.9000244140625,1317.699951171875,1345.4000244140625,1561061,1386.1628921558752,1388.9990645384273,1320.419038654286,26.506956307933052,32.18571254185268,SIDEWAYS
2025-08-11,1339.4000244140625,1339.4000244140625,1348.300048828125,1313.699951171875,1325.0,2053173,1381.7092857042742,1387.0540041413933,1320.607904184234,33.84985612986675,31.9857177734375,SIDEWAYS
2025-08-12,1330.5,1330.5,1349.5999755859375,1328.199951171875,1342.0,1260241,1376.8322108752957,1384.8362000574173,1320.7063329983214,32.66795312879273,32.121433803013396,SIDEWAYS
2025-08-13,1319.5999755859375,1319.5999755859375,1339.300048828125,1316.5999755859375,1335.199951171875,1205658,1371.381521800119,1382.2779167448102,1320.695324466855,32.45615341926977,32.242867606026785,SIDEWAYS
2025-08-14,1300.300048828125,1300.300048828125,1329.0,1290.5,1324.800048828125,2298528,1364.611857707548,1379.0630983951362,1320.492386400798,31.968458008210163,33.085728236607146,SIDEWAYS
2025-08-18,1327.199951171875,1327.199951171875,1332.0,1295.0,1321.9000244140625,10225114,1361.048818989865,1377.0292494844202,1320.5591283388187,41.0557111265638,33.542872837611604,SIDEWAYS
2025-08-19,1369.4000244140625,1369.4000244140625,1371.699951171875,1325.0,1332.0,3150673,1361.8441718874074,1376.7300641875436,1321.045107404244,45.50999809717637,35.085728236607146,SIDEWAYS
2025-08-20,1370.5999755859375,1370.5999755859375,1374.5999755859375,1358.0,1369.4000244140625,1594619,1362.678057953934,1376.4896685561082,1321.5381906697335,46.02581140055355,35.44287109375,SIDEWAYS
2025-08-21,1361.800048828125,1361.800048828125,1377.800048828125,1355.300048828125,1371.0999755859375,1227167,1362.5944380371905,1375.9136050373638,1321.9388061737973,47.99859552080104,35.228585379464285,SIDEWAYS
2025-08-22,1341.199951171875,1341.199951171875,1364.0,1338.199951171875,1364.0,1210284,1360.5568678595414,1374.552285277933,1322.1304593578577,48.93462912714664,34.707162039620535,SIDEWAYS
2025-08-25,1340.4000244140625,1340.4000244140625,1348.9000244140625,1332.5,1341.300048828125,1214246,1358.6371684837816,1373.21298093033,1322.312246074835,39.72021617683282,32.1785888671875,SIDEWAYS
2025-08-26,1315.4000244140625,1315.4000244140625,1339.9000244140625,1310.0,1335.199951171875,1652272,1354.5193452390463,1370.9458061649864,1322.2434677498522,40.7214301705378,30.90716552734375,SIDEWAYS
2025-08-28,1315.4000244140625,1315.4000244140625,1338.800048828125,1311.199951171875,1316.9000244140625,1785681,1350.7936956366668,1368.7675402139698,1322.175373786312,38.30846100759144,30.821454729352677,SIDEWAYS
2025-08-29,1312.800048828125,1312.800048828125,1322.9000244140625,1303.0,1318.0,1592903,1347.1752530834724,1366.5727366302112,1322.0820869708077,41.93069423604182,28.521458217075892,SIDEWAYS
2025-09-01,1335.300048828125,1335.300048828125,1338.5,1316.0999755859375,1318.300048828125,983914,1346.0442812496296,1365.346356716404,1322.2136089793385,52.523286678237746,27.557163783482142,SIDEWAYS
2025-09-02,1336.199951171875,1336.199951171875,1348.800048828125,1328.199951171875,1340.9000244140625,1495993,1345.106726004129,1364.20336042054,1322.3527765633437,49.160525248928366,26.557163783482142,SIDEWAYS
2025-09-03,1332.4000244140625,1332.4000244140625,1344.800048828125,1327.5999755859375,1338.0,1774676,1343.8965639479322,1362.9561707732273,1322.452749178774,50.512136971715826,26.257167271205358,SIDEWAYS
2025-09-04,1328.199951171875,1328.199951171875,1348.0,1326.0,1338.0,1350147,1342.4016484454505,1361.5931817692529,1322.5099352682575,52.40491914192884,26.207162039620535,SIDEWAYS
2025-09-05,1321.800048828125,1321.800048828125,1335.699951171875,1312.800048828125,1330.0,1135666,1340.4395913390385,1360.0326667519537,1322.5028717215896,56.4798204628233,25.092869349888392,SIDEWAYS
2025-09-08,1348.300048828125,1348.300048828125,1363.4000244140625,1321.9000244140625,1321.9000244140625,1445628,1341.188206337999,1359.5725640882742,1322.7595600510078,56.37466126360293,25.421439034598215,SIDEWAYS
2025-09-09,1380.9000244140625,1380.9000244140625,1385.0,1348.300048828125,1354.699951171875,3515252,1344.970284250005,1360.4089350814425,1323.3380721342226,53.68826979242521,24.7071533203125,SIDEWAYS
2025-09-10,1389.0999755859375,1389.0999755859375,1404.9000244140625,1385.0,1400.0,2553605,1349.1731119962842,1361.534073924756,1323.9924194322498,55.6783421782665,25.235726492745535,SIDEWAYS
2025-09-11,1393.0999755859375,1393.0999755859375,1423.0999755859375,1388.0,1404.9000244140625,4041646,1353.3566228143466,1362.771952421273,1324.6800568069134,59.898791880187126,26.135724748883927,SIDEWAYS
2025-09-12,1393.0999755859375,1393.0999755859375,1406.5,1391.0999755859375,1395.5,1466190,1357.1417040306887,1363.9612866630246,1325.360852018645,68.87278641544677,25.392865862165177,SIDEWAYS
2025-09-15,1395.199951171875,1395.199951171875,1409.0,1392.199951171875,1393.0999755859375,1254831,1360.766298996516,1365.1863323300383,1326.0557684281298,69.7406527610556,25.421439034598215,SIDEWAYS
2025-09-16,1408.199951171875,1408.199951171875,1412.5999755859375,1396.5999755859375,1400.0,1636246,1365.2837896798835,1366.873140912071,1326.8731234803065,86.59312264920197,24.492867606026785,SIDEWAYS
2025-09-17,1406.0999755859375,1406.0999755859375,1413.0999755859375,1396.199951171875,1410.0,1062568,1369.1710454804602,1368.4114481541833,1327.6614503669298,85.18238622050748,23.72857666015625,UP
2025-09-18,1412.800048828125,1412.800048828125,1415.0,1401.0,1410.0,1416920,1373.3261886564283,1370.152177592377,1328.5086006003746,87.59405397169799,23.307146344866073,UP
2025-09-19,1427.800048828125,1427.800048828125,1460.0,1425.0,1447.800048828125,8069167,1378.514175339447,1372.4128784251513,1329.496575209606,86.85266133252406,24.842860630580358,UP
2025-09-22,1444.199951171875,1444.199951171875,1461.699951171875,1425.0,1433.0,5490489,1384.7699635139638,1375.2280577485524,1330.6379023336085,88.29793865306864,25.992850167410715,UP
2025-09-23,1441.5999755859375,1441.5999755859375,1455.0,1423.0999755859375,1453.0,2550337,1390.1823456160564,1377.830878055901,1331.742002564975,89.05583109217282,27.0428466796875,UP
2025-09-24,1431.5999755859375,1431.5999755859375,1452.4000244140625,1429.0999755859375,1445.0,2603193,1394.126881803664,1379.9394701159024,1332.7356142368255,85.50831563617949,27.135707310267858,UP
2025-09-25,1407.199951171875,1407.199951171875,1439.9000244140625,1404.0999755859375,1431.699951171875,1970560,1395.371936029208,1381.0085085886856,1333.4765529127963,76.10023802239948,28.057146344866073,UP
2025-09-26,1392.0,1392.0,1416.699951171875,1390.300048828125,1407.199951171875,1899079,1395.0507992645216,1381.4395474675607,1334.0588757693854,64.34668654419544,26.971426827566965,UP
2025-09-29,1383.199951171875,1383.199951171875,1401.300048828125,1377.5999755859375,1393.5999755859375,1978395,1393.9221470652221,1381.5085829069455,1334.5478416937883,50.89491398547125,26.042864118303573,UP
2025-09-30,1403.5,1403.5,1408.0,1387.199951171875,1389.699951171875,1999250,1394.834323535201,1382.3709914203987,1335.2339328212133,55.120919955374006,26.100010463169642,UP
2025-10-01,1422.699951171875,1422.699951171875,1426.9000244140625,1392.699951171875,1406.0,1602493,1397.4881928339319,1383.9525192537901,1336.1042414615185,59.49935478209498,26.035731724330358,UP
2025-10-03,1419.0999755859375,1419.0999755859375,1431.0,1412.5,1413.0,1576970,1399.5464578579324,1385.3308508746586,1336.9300696617615,58.15558843440516,26.257158551897323,UP
2025-10-06,1400.5,1400.5,1419.0999755859375,1395.0,1419.0999755859375,1338654,1399.6372713952721,1385.9257194678094,1337.5626062820425,51.50655252149244,26.778581891741073,UP
2025-10-07,1399.5,1399.5,1415.0,1397.300048828125,1400.800048828125,1608151,1399.6241979290558,1386.458044194562,1338.178898756848,47.34595596230788,26.800005231584823,UP
2025-10-08,1394.300048828125,1394.300048828125,1411.0999755859375,1386.0,1399.4000244140625,1704405,1399.1171361099196,1386.765573788035,1338.7373181605424,46.46708521464289,27.385716029575892,UP
2025-10-09,1395.5999755859375,1395.5999755859375,1399.800048828125,1388.4000244140625,1394.5,1250770,1398.782168440969,1387.1120209173646,1339.3031157468647,44.678186316167164,27.200003487723215,UP
2025-10-10,1409.4000244140625,1409.4000244140625,1418.0,1395.699951171875,1400.5,1359246,1399.7933928193588,1387.9860602701763,1340.0005974251453,44.26432368464111,25.428580147879465,UP
2025-10-13,1437.800048828125,1437.800048828125,1441.9000244140625,1396.0,1400.800048828125,2245061,1403.4130743440032,1389.939550017547,1340.9737262948267,48.14387877929618,26.085728236607142,UP
2025-10-14,1429.0,1429.0,1442.199951171875,1422.0,1440.0,2640234,1405.8499244064792,1391.4713323698,1341.8496096152762,46.47257074235301,25.250008719308035,UP
2025-10-15,1450.699951171875,1450.699951171875,1456.300048828125,1430.0,1430.0,2675240,1410.121355526993,1393.7940233032148,1342.9326975909637,55.01838752945116,25.535723005022323,UP
2025-10-16,1479.5,1479.5,1490.5,1453.0,1454.0,6512312,1416.7288454768034,1397.1550419972064,1344.2915762218995,68.56704338983135,25.821437290736608,UP
2025-10-17,1479.4000244140625,1479.4000244140625,1489.0,1462.5,1479.5,3290072,1422.6975291851138,1400.3803354253184,1345.6359388904784,74.33185865669623,25.828587123325892,UP
2025-10-20,1467.0,1467.0,1489.0,1459.0999755859375,1488.0,2660484,1426.916812119865,1402.9928712909923,1346.843541488583,72.87119846159382,26.271440778459823,UP
2025-10-21,1473.5,1473.5,1481.5,1470.0,1477.0,394024,1431.3533062036872,1405.7578567305613,1348.1038047573534,70.66116893560968,25.535723005022323,UP
2025-10-23,1453.0999755859375,1453.0999755859375,1483.5,1450.300048828125,1478.800048828125,2999137,1433.4244175734252,1407.6144104111645,1349.1485427755483,58.909738793822065,25.464285714285715,UP
2025-10-24,1429.0,1429.0,1463.5,1422.300048828125,1463.0,1907383,1433.0030444711942,1408.4530609832757,1349.9430846384782,52.59027359467413,27.085710797991073,UP
2025-10-27,1420.5999755859375,1420.5999755859375,1429.800048828125,1410.0,1429.0,2280976,1431.8217998154555,1408.929410575537,1350.6461382797465,55.555548057840674,26.778573172433035,UP
2025-10-28,1417.9000244140625,1417.9000244140625,1435.0,1410.0,1425.9000244140625,2068057,1430.4959164438942,1409.2811993535186,1351.3153311766055,55.03834251757686,27.300005231584823,UP
2025-10-29,1454.800048828125,1454.800048828125,1464.800048828125,1421.5999755859375,1424.0999755859375,3578596,1432.810595718583,1411.0662522740915,1352.3450298597054,64.11572240203333,28.857151576450892,UP
2025-10-30,1457.9000244140625,1457.9000244140625,1463.0,1449.5999755859375,1458.0,1380931,1435.2000651181525,1412.9028707893847,1353.3953283129827,64.41462764334923,29.000008719308035,UP
2025-10-31,1451.5,1451.5,1461.699951171875,1443.0,1457.9000244140625,1141853,1436.7524398688045,1414.416483699605,1354.3714942004156,60.08623881436837,28.7357177734375,UP
2025-11-03,1444.699951171875,1444.699951171875,1457.4000244140625,1435.300048828125,1451.5,1059573,1437.509345707192,1415.6040706593017,1355.270284817047,51.84390666551839,27.035714285714285,UP
2025-11-04,1444.4000244140625,1444.4000244140625,1466.300048828125,1432.0,1449.5999755859375,3554714,1438.165600822132,1416.7333237477237,1356.1571478976143,54.31131761455713,28.042864118303573,UP
2025-11-05,1444.4000244140625,1444.4000244140625,1444.4000244140625,1444.4000244140625,1444.4000244140625,0,1438.759355449935,1417.8182924013056,1357.0351864699173,47.9923754692393,26.092860630580358,UP
2025-11-06,1436.800048828125,1436.800048828125,1466.300048828125,1434.300048828125,1452.0999755859375,2745063,1438.5727548192863,1418.562675006279,1357.828866692387,34.26677725263437,25.535714285714285,UP
2025-11-07,1448.300048828125,1448.300048828125,1464.0,1425.0,1435.0,2184538,1439.499163772509,1419.7288465287045,1358.7290774599069,39.42896643522265,26.428571428571427,UP
2025-11-10,1444.9000244140625,1444.9000244140625,1463.9000244140625,1441.0,1452.199951171875,1161695,1440.0135314526572,1420.7159515438166,1359.5864998176598,41.99855919880847,25.928571428571427,UP
2025-11-11,1474.4000244140625,1474.4000244140625,1476.0,1437.800048828125,1453.0,2258827,1443.2884355442195,1422.8212093034342,1360.7289229479723,50.27933722857158,27.621425083705358,UP
2025-11-12,1506.9000244140625,1506.9000244140625,1515.0,1475.5,1477.0,4641466,1449.346682103252,1426.1184177391453,1362.1833617685304,65.53119630349565,28.149998256138392,UP
2025-11-13,1499.0,1499.0,1515.0,1487.800048828125,1515.0,2304918,1454.07556952199,1428.976519004277,1363.544721352923,72.29299363057325,27.149998256138392,UP
2025-11-14,1512.699951171875,1512.699951171875,1523.5999755859375,1497.0,1500.0,2345593,1459.6588439648363,1432.2597908539867,1365.0288529929126,78.37338790773796,27.635707310267858,UP
2025-11-17,1507.5999755859375,1507.5999755859375,1519.0,1503.0,1518.9000244140625,1750560,1464.224666023989,1435.2143079022985,1366.4474711281666,77.2313229401833,26.992850167410715,UP
2025-11-18,1495.0,1495.0,1518.9000244140625,1490.199951171875,1518.9000244140625,1818617,1467.1556502121803,1437.5588448473063,1367.7266007686826,64.31623188506603,25.692853655133927,UP
2025-11-19,1484.199951171875,1484.199951171875,1499.5,1478.0,1499.0,1746304,1468.7789169702464,1439.3879078404266,1368.8855395786645,58.87911245554241,26.27142333984375,UP
2025-11-20,1491.0999755859375,1491.0999755859375,1505.0,1487.5999755859375,1500.0,1459401,1470.9047320765028,1441.415832065741,1370.1016036185379,63.324354674283335,26.421430315290177,UP
2025-11-21,1479.800048828125,1479.800048828125,1492.300048828125,1467.0999755859375,1492.0,1165365,1471.7519051004667,1442.9210954681876,1371.1931304365437,61.46313887644176,26.642865862165177,UP
2025-11-24,1485.9000244140625,1485.9000244140625,1490.199951171875,1471.300048828125,1482.0,2485518,1473.0993450350948,1444.6065436621434,1372.3344925656734,63.0585354011806,25.542855398995535,UP
2025-11-25,1483.9000244140625,1483.9000244140625,1492.4000244140625,1474.5,1490.0,1355333,1474.127981166425,1446.1474644759442,1373.4445973601848,62.27471223556474,26.821428571428573,UP
2025-11-26,1506.199951171875,1506.199951171875,1523.0,1484.300048828125,1484.300048828125,3986754,1477.1824545002771,1448.502463954216,1374.765546154331,69.76080872344656,27.328569684709823,UP
2025-11-27,1509.0999755859375,1509.0999755859375,1513.9000244140625,1501.0,1511.800048828125,861910,1480.2222184131972,1450.8788369593815,1376.1022071437003,68.2035841916637,25.464285714285715,UP
2025-11-28,1516.9000244140625,1516.9000244140625,1534.300048828125,1503.0999755859375,1510.0,2612938,1483.7153427942321,1453.467903134075,1377.503180449873,71.00351255031664,26.057146344866073,UP
2025-12-01,1530.5,1530.5,1549.0,1523.0,1530.0,4059126,1488.1710244328767,1456.4887696778367,1379.0255368633073,68.03859151944295,25.621433803013392,UP
2025-12-02,1518.0999755859375,1518.0999755859375,1530.0,1510.0,1528.0999755859375,1974536,1491.0214007331683,1458.904895399723,1380.409362124229,54.135878600355575,24.185721261160715,UP
2025-12-03,1497.699951171875,1497.699951171875,1524.0,1488.5999755859375,1514.0,1958074,1491.6574531559024,1460.4262701358857,1381.5764326620165,49.56049706337756,24.771440778459823,UP
2025-12-04,1505.5999755859375,1505.5999755859375,1509.0999755859375,1490.199951171875,1497.699951171875,1591805,1492.9853124349534,1462.197787996672,1382.8104977657372,47.5017674856518,24.221444266183035,UP
2025-12-05,1509.4000244140625,1509.4000244140625,1514.0,1493.300048828125,1504.5999755859375,1141428,1494.5486183377257,1464.0488560914719,1384.0700950458202,50.63922166331147,24.557155064174108,UP
2025-12-08,1480.5,1480.5,1510.9000244140625,1472.5999755859375,1509.4000244140625,1070689,1493.2106546865136,1464.6939989898456,1385.029596587653,45.385107897345996,25.242867606026785,UP
2025-12-09,1497.199951171875,1497.199951171875,1499.199951171875,1460.9000244140625,1476.9000244140625,1327921,1493.5905876851193,1465.9687422126701,1386.1457195188393,53.987730061349694,26.442862374441965,UP
2025-12-10,1498.0999755859375,1498.0999755859375,1521.0,1493.5999755859375,1500.0,1677388,1494.020053199483,1467.2287905802493,1387.2596922160244,52.22929936305732,26.914289202008927,UP
2025-12-11,1504.0,1504.0,1515.0,1495.0,1496.0,1451645,1494.9705243233418,1468.6707987927887,1388.4212873183526,57.98150909729223,26.542855398995535,UP
2025-12-12,1522.800048828125,1522.800048828125,1527.4000244140625,1509.5,1512.0,1152570,1497.6209552285593,1470.793514480449,1389.7583894229274,61.22945405725486,26.864292689732142,UP
2025-12-15,1512.5999755859375,1512.5999755859375,1522.800048828125,1508.0999755859375,1522.800048828125,850425,1499.0475285959287,1472.4329835434094,1390.9806937628578,58.31881465294575,26.635724748883927,UP
2025-12-16,1499.0,1499.0,1512.5999755859375,1494.199951171875,1512.5999755859375,1122212,1499.0430020629833,1473.4748273260207,1392.0555127303915,47.80221663790046,25.157156808035715,UP
2025-12-17,1486.300048828125,1486.300048828125,1500.0,1479.300048828125,1494.0999755859375,964352,1497.8293874691872,1473.9777771888484,1392.9932693084784,43.433209130229024,25.71429443359375,UP
2025-12-18,1495.699951171875,1495.699951171875,1498.0,1476.0,1486.4000244140625,683681,1497.6265840123,1474.8296271489671,1394.0152263419452,43.949753316346616,25.057146344866073,UP
2025-12-19,1496.4000244140625,1496.4000244140625,1503.699951171875,1490.699951171875,1495.0,1276175,1497.5097688124679,1475.6755250809317,1395.033980551618,39.4947813680134,23.692862374441965,UP
2025-12-22,1508.699951171875,1508.699951171875,1515.0,1497.5,1497.5,1116833,1498.5755004657449,1476.97060061391,1396.1649852344067,47.10233656922369,23.557146344866073,UP
2025-12-23,1493.5999755859375,1493.5999755859375,1513.800048828125,1491.199951171875,1508.699951171875,928446,1498.1016409533822,1477.6227329657543,1397.1344876259643,48.69344329255247,22.642865862165177,UP
2025-12-24,1494.300048828125,1494.300048828125,1507.199951171875,1492.0,1503.0,1318023,1497.7395845605006,1478.276745352514,1398.1013091304635,46.22581121268683,22.378574916294642,UP
2025-12-25,1494.300048828125,1494.300048828125,1494.300048828125,1494.300048828125,1494.300048828125,0,1497.4120097288458,1478.9051101946948,1399.05851052049,44.82523198793856,20.900006975446427,UP
2025-12-26,1487.0999755859375,1487.0999755859375,1501.4000244140625,1485.0,1499.5999755859375,876540,1496.4299112390452,1479.2264774649395,1399.9345449987532,52.6569934355303,19.335719517299108,UP
2025-12-29,1454.4000244140625,1454.4000244140625,1487.0999755859375,1451.0,1487.0999755859375,1568472,1492.427064874761,1478.2528910707874,1400.4764900675623,34.73612539278845,19.178580147879465,UP
2025-12-30,1461.199951171875,1461.199951171875,1470.5,1447.300048828125,1450.0,3463973,1489.4530540459148,1477.5841483296538,1401.080703610889,37.37165277883379,18.878574916294642,UP
2025-12-31,1469.800048828125,1469.800048828125,1475.0,1461.300048828125,1468.5,707055,1487.581339263268,1477.2788895256722,1401.764478190165,38.50808469445516,18.435721261160715,UP
2026-01-01,1481.0999755859375,1481.0999755859375,1490.9000244140625,1470.4000244140625,1472.800048828125,981252,1486.9640665320937,1477.4287360378394,1402.5538861244513,35.24412779291059,18.271432059151785,UP
2026-01-02,1489.5,1489.5,1495.0,1478.300048828125,1480.0999755859375,1251176,1487.2055840052278,1477.9021189383163,1403.4190215858996,41.7204316130009,18.414280482700892,UP
2026-01-05,1493.0,1493.0,1496.800048828125,1479.0999755859375,1488.0,790039,1487.757433147587,1478.4941927054413,1404.3103746049455,47.68160566919864,18.364283970424108,UP
2026-01-06,1473.199951171875,1473.199951171875,1493.0,1470.699951171875,1490.0,1675609,1486.3710062927573,1478.2865753903995,1404.9958430284971,45.20142942994506,18.47857666015625,UP
2026-01-07,1465.300048828125,1465.300048828125,1480.4000244140625,1459.0,1473.199951171875,2124534,1484.364248438983,1477.7772998389378,1405.5958848772495,38.74077690972222,18.435721261160715,UP
2026-01-08,1465.199951171875,1465.199951171875,1489.0,1460.300048828125,1468.0,1974347,1482.539077270687,1477.284070479445,1406.1889601637633,38.392832003487726,19.557146344866073,UP
2026-01-09,1435.9000244140625,1435.9000244140625,1463.0,1431.0,1463.0,2280396,1478.097262712913,1475.6611667121751,1406.4845926438659,25.957755938429486,20.671430315290177,UP
2026-01-12,1443.5,1443.5,1447.0999755859375,1403.9000244140625,1435.9000244140625,1539180,1474.8022853116831,1474.3999444881683,1406.8529051548721,32.592089268248415,22.142848423549108,UP
2026-01-13,1428.5999755859375,1428.5999755859375,1449.0,1420.0,1443.5,919873,1470.4020653378027,1472.6038672763161,1407.0692939153803,29.22198501337678,23.128566196986608,SIDEWAYS
2026-01-14,1430.0,1430.0,1438.9000244140625,1423.0,1429.0,1278819,1466.5542495913453,1470.9331273831272,1407.297460145078,29.84324488146551,24.2642822265625,SIDEWAYS
2026-01-15,1430.0,1430.0,1430.0,1430.0,1430.0,0,1463.0728924874077,1469.327906701436,1407.5233560640327,31.25410274269602,23.092851911272323,SIDEWAYS
2026-01-16,1421.9000244140625,1421.9000244140625,1448.0,1416.0999755859375,1430.0,1556318,1459.1516669566129,1467.4679897489898,1407.6664074904013,37.27485809440235,22.792855398995535,SIDEWAYS
